7159 2 99 6 4 6:00 0:30
5520 2 99 6 4 6:30 0:30
3549 2 99 6 4 7:00 0:30
3168617 2 99 6 4 7:35 0:25
61177 2 99 6 4 8:00 0:25
7227346 2 99 6 4 8:25 0:05
3479742 2 99 6 4 8:30 0:55
7714452 2 99 6 4 9:25 0:05
2452 2 99 6 4 9:30 0:30
64487 2 99 6 4 10:00 0:15
8789636 2 99 6 4 10:15 0:10
2503164 2 99 6 4 10:25 0:15
8021758 2 99 6 4 10:40 0:20
72452 2 99 6 4 11:00 0:15
5947655 2 99 6 4 11:15 0:15
9988 2 99 6 4 11:30 0:30
8407 2 99 6 4 12:00 0:30
1384 2 99 6 4 12:30 0:30
59365 2 99 6 4 13:00 1:00
53181 2 99 6 4 14:00 1:00
32278 2 99 6 4 15:00 0:25
7850988 2 99 6 4 15:25 0:05
2636 2 99 6 4 15:30 0:30
94094 2 99 6 4 16:00 0:25
6139433 2 99 6 4 16:25 0:05
46487 2 99 6 4 16:30 0:25
3103839 2 99 6 4 16:55 0:05
21079 2 99 6 4 17:00 0:25
3184704 2 99 6 4 17:25 0:05
3100 2 99 6 4 17:30 0:30
4029 2 99 6 4 18:00 0:30
9520 2 99 6 4 18:30 0:30
623 2 99 6 4 19:00 0:30
384 2 99 6 4 19:30 0:30
297 2 99 6 4 20:00 0:30
12013 2 99 6 4 20:30 0:50
3733297 2 99 6 4 21:20 0:10
39758 2 99 6 4 21:30 0:35
3294758 2 99 6 4 22:05 0:05
2992920 2 99 6 4 22:10 1:15
7618433 2 99 6 4 23:25 1:00
20018 2 99 6 5 0:25 0:30
13364637 2 99 6 5 0:55 8:05
14742 7 99 6 4 6:00 1:00
6520 7 99 6 4 7:00 0:30
6907 7 99 6 4 7:30 0:30
7636 7 99 6 4 8:00 0:30
3655 7 99 6 4 8:30 0:30
78926 7 99 6 4 9:00 1:00
72742 7 99 6 4 10:00 1:00
32100 7 99 6 4 11:00 1:00
4729346 7 99 6 4 12:00 2:30
24181 7 99 6 4 14:30 1:00
2907 7 99 6 4 15:30 0:30
3636 7 99 6 4 16:00 0:30
9655 7 99 6 4 16:30 0:30
1164 7 99 6 4 17:00 0:30
3471 7 99 6 4 17:30 0:30
4100 7 99 6 4 18:00 0:30
9891 7 99 6 4 18:30 0:30
9636 7 99 6 4 19:00 0:30
6384 7 99 6 4 19:30 1:00
95862907 7 99 6 4 20:30 3:00 
90155 7 99 6 4 23:30 0:05
5459346 7 99 6 4 23:35 1:35
6229018 7 99 6 5 1:10 0:30
7017698 7 99 6 5 2:10 2:00 
7524327 7 99 6 5 4:10 1:00
2072582 7 99 6 5 5:10 0:25
2063834 7 99 6 5 5:35 0:25
1270520 28 99 6 4 6:00 0:20
80071297 28 99 6 4 6:20 0:35
18796471 28 99 6 4 6:55 0:35
4555162 28 99 6 4 7:30 0:30
1320297 28 99 6 4 8:00 1:00
2700723 28 99 6 4 9:00 0:30
7534742 28 99 6 4 9:30 0:45
19756636 28 99 6 4 10:15 0:45
2893487 28 99 6 4 11:00 0:30
2790346 28 99 6 4 11:30 0:30
2791075 28 99 6 4 12:00 0:30
2387029 28 99 6 4 12:30 0:55
2912452 28 99 6 4 13:25 0:55
2244365 28 99 6 4 14:20 0:40
2459891 28 99 6 4 15:00 0:30
2469278 28 99 6 4 15:30 0:30
5897487 28 99 6 4 16:00 1:00
5700907 28 99 6 4 17:00 1:00
6823181 28 99 6 4 18:00 0:30
6831100 28 99 6 4 18:30 0:30
2982907 28 99 6 4 19:00 0:30
2981278 28 99 6 4 19:30 0:30
2971891 28 99 6 4 20:00 0:30
9745988 28 99 6 4 20:30 1:00
2994742 28 99 6 4 21:30 0:30
9249013 28 99 6 4 22:00 1:45
29228636 28 99 6 4 23:45 0:15
5025476 28 99 6 5 0:00 1:25
1236766 28 99 6 5 5:00 0:30
1239853 28 99 6 5 5:30 0:30
272655 9 99 6 4 6:00 1:00
2159100 9 99 6 4 7:00 2:00
180075 9 99 6 4 9:00 0:30
637568 9 99 6 4 9:30 1:00
192810 9 99 6 4 10:30 0:30
100839 9 99 6 4 11:00 0:30
103926 9 99 6 4 11:30 0:30
189821 9 99 6 4 12:00 1:00
174029 9 99 6 4 13:00 1:00
980407 9 99 6 4 14:00 1:00
568839 9 99 6 4 15:00 0:30
561926 9 99 6 4 15:30 0:30
562655 9 99 6 4 16:00 0:30
905346 9 99 6 4 16:30 0:30
906075 9 99 6 4 17:00 0:30
909162 9 99 6 4 17:30 0:30
900891 9 99 6 4 18:00 0:30
918810 9 99 6 4 18:30 0:30
851926 9 99 6 4 19:00 0:30
5397742 9 99 6 4 19:29 1:00
43201013 9 99 6 4 19:30 3:45
2904655 9 99 6 4 23:15 0:30
95170487 9 99 6 4 23:45 3:45
8746747 9 99 6 5 3:30 1:00
1887853 9 99 6 5 4:30 0:30
1888582 9 99 6 5 5:00 0:30
1898969 9 99 6 5 5:30 0:30
724433 10 99 6 4 6:00 0:30
732452 10 99 6 4 6:30 0:30
5148988 10 99 6 4 7:00 1:30
187988 10 99 6 4 8:30 0:30
5720487 10 99 6 4 9:00 2:30
101568 10 99 6 4 11:30 0:30
885033 10 99 6 4 12:00 1:00
546617 10 99 6 4 13:00 0:30
130100 10 99 6 4 13:30 1:00
330948 10 99 6 4 14:30 1:00
569568 10 99 6 4 15:30 0:30
560297 10 99 6 4 16:00 0:30
903988 10 99 6 4 16:30 0:30
443181 10 99 6 4 17:00 1:00
908433 10 99 6 4 18:00 0:30
916452 10 99 6 4 18:30 0:30
859568 10 99 6 4 19:00 0:30
898617 10 99 6 4 19:30 2:00
7565029 10 99 6 4 21:30 2:05
7669907 10 99 6 4 11:35 0:15
177327 10 99 6 5 0:05 0:30
9979698 10 99 6 5 0:35 0:30
5590853 10 99 6 5 1:05 0:30
5066105 10 99 6 5 1:35 1:00
7150389 10 99 6 5 2:35 0:25
8736360 10 99 6 5 3:00 1:00
8752308 10 99 6 5 4:00 1:00
1886124 10 99 6 5 5:00 0:30
1889211 10 99 6 5 5:30 0:30
49765835 2 99 6 5 9:00 3:00
5940 2 99 6 5 12:00 0:30
5921 2 99 6 5 12:30 0:30
64704 2 99 6 5 13:00 1:00
74604143 2 99 6 5 14:00 3:00
63124 2 99 6 5 17:00 1:00
8476 2 99 6 5 18:00 0:30
6495 2 99 6 5 18:30 0:30
360 2 99 6 5 19:00 0:30
63389 2 99 6 5 19:30 0:55
8291501 2 99 6 5 20:25 0:05
42834 2 99 6 5 20:30 0:50
3700969 2 99 6 5 21:20 0:10
80018 2 99 6 5 21:30 0:50
6229495 2 99 6 5 22:20 0:55
2298389 2 99 6 5 23:15 0:30
45855263 2 99 6 5 23:45 6:15
1037 7 99 6 5 6:00 0:30
9056 7 99 6 5 6:30 0:30
5362143 7 99 6 5 7:00 2:00
1259 7 99 6 5 9:00 0:30
1018 7 99 6 5 9:30 0:30
2747 7 99 6 5 10:00 0:30
1786 7 99 6 5 10:30 0:30
1495 7 99 6 5 11:00 0:30
4582 7 99 6 5 11:30 0:30
66747 7 99 6 5 12:00 1:00
2969 7 99 6 5 13:00 0:30
187259 7 99 6 5 13:30 2:00
5292 7 99 6 5 15:30 0:30
6921 7 99 6 5 16:00 0:30
9230 7 99 6 5 16:30 0:30
33495 7 99 6 5 17:00 1:00
8747 7 99 6 5 18:00 0:30
38940 7 99 6 5 18:30 1:00
89596376 7 99 6 5 19:30 3:00
77414 7 99 6 5 22:30 2:00
2471693 7 99 6 6 0:30 2:00
4730490 7 99 6 6 2:30 0:30
4661728 7 99 6 6 3:00 1:25
68404001 7 99 6 6 4:25 1:35
1247292 28 99 6 5 6:00 0:20
80048969 28 99 6 5 6:20 0:35
18763143 28 99 6 5 6:55 0:35
4522834 28 99 6 5 7:30 0:30
1397969 28 99 6 5 8:00 1:00
2777495 28 99 6 5 9:00 0:30
7501414 28 99 6 5 9:30 0:45
19723308 28 99 6 5 10:15 0:45
2797259 28 99 6 5 11:00 0:30
2767018 28 99 6 5 11:30 0:30
2768747 28 99 6 5 12:00 0:30
3988196 28 99 6 5 12:30 1:40
75683698 28 99 6 5 14:10 0:50
2426563 28 99 6 5 15:00 0:30
5781872 28 99 6 5 15:30 1:00
5752360 28 99 6 5 16:30 1:00
5778308 28 99 6 5 17:30 1:00
6808872 28 99 6 5 18:30 0:30
2959679 28 99 6 5 19:00 0:30
4532211 28 99 6 5 19:30 1:00
2947834 28 99 6 5 20:30 0:30
2962143 28 99 6 5 21:00 0:30
8559360 28 99 6 5 21:30 0:55
30347691 28 99 6 5 22:25 1:40
3652815 28 99 6 6 0:05 1:00
98971438 28 99 6 6 1:05 2:05
7327761 28 99 6 6 5:00 1:00
96192330 9 99 6 5 6:00 5:00
621563 9 99 6 5 11:00 1:00
632679 9 99 6 5 12:00 1:00
102853 9 99 6 5 13:00 0:30
105940 9 99 6 5 13:30 0:30
284037 9 99 6 5 14:00 2:00
193105 9 99 6 5 16:00 0:30
569124 9 99 6 5 16:30 0:30
904227 9 99 6 5 17:00 1:00
1037501 9 99 6 5 17:55 0:05
571969 9 99 6 5 18:00 0:30
636476 9 99 6 5 18:30 2:00
919105 9 99 6 5 20:30 1:00
7461259 9 99 6 5 21:30 2:05
6476292 9 99 6 5 23:35 0:05
7628650 9 99 6 5 23:40 0:30
65475341 9 99 6 6 0:10 3:20
24894099 9 99 6 6 3:30 2:30
371921 10 99 6 5 6:00 0:30
389940 10 99 6 5 6:30 0:30
397969 10 99 6 5 7:00 0:30
390056 10 99 6 5 7:30 0:30
391785 10 99 6 5 8:00 0:30
741766 10 99 6 5 8:30 0:30
5624259 10 99 6 5 9:00 2:30
732018 10 99 6 5 11:30 0:30
820853 10 99 6 5 12:00 2:00
643785 10 99 6 5 14:00 1:00
809853 10 99 6 5 15:00 1:00
704489 10 99 6 5 16:00 1:00
568495 10 99 6 5 17:00 0:30
561582 10 99 6 5 17:30 0:30
562211 10 99 6 5 18:00 0:30
754704 10 99 6 5 18:30 1:00
377105 10 99 6 5 19:30 1:00
69863766 10 99 6 5 20:30 2:40
2972056 10 99 6 5 23:10 0:30
7626292 10 99 6 5 23:40 0:30
9866341 10 99 6 6 0:10 1:50
8732544 10 99 6 6 2:00 1:00
8703032 10 99 6 6 3:00 1:00
1106896 10 99 6 6 4:00 0:30
1852167 10 99 6 6 4:30 0:30
8723896 10 99 6 6 5:00 1:00
56612 2 99 6 6 7:00 0:25
84631693 2 99 6 6 7:25 0:05
3935896 2 99 6 6 7:30 0:15
2229815 2 99 6 6 7:45 0:10
7273525 2 99 6 6 7:55 0:05
19167 2 99 6 6 8:00 0:25
7254490 2 99 6 6 8:25 0:05
9484051 2 99 6 6 8:35 0:25
8235 2 99 6 6 9:00 0:30
42542 2 99 6 6 9:30 1:00
1970 2 99 6 6 10:30 0:30
8099 2 99 6 6 11:00 0:30
1186 2 99 6 6 11:30 0:30
66815 2 99 6 6 12:00 1:00
8381070 2 99 6 6 13:00 1:05
901186 2 99 6 6 14:05 0:55
21322 2 99 6 6 15:00 0:05
298419 2 99 6 6 15:05 0:20
9748964 2 99 6 6 15:25 0:50
7668544 2 99 6 6 16:15 0:10
893709 2 99 6 6 16:25 0:35
26273 2 99 6 6 17:00 1:00
44457 2 99 6 6 18:00 0:50
3519902 2 99 6 6 18:50 0:10
235 2 99 6 6 19:00 0:30
26438 2 99 6 6 19:30 0:55
8268273 2 99 6 6 20:25 0:05
56490 2 99 6 6 20:30 1:00
39709 2 99 6 6 21:30 1:30
639322 2 99 6 6 23:00 1:10
7223216 2 99 6 7 0:10 1:20
3244939 2 99 6 7 1:30 1:30
9679755 2 99 6 7 3:00 0:15
2447754 2 99 6 7 3:15 0:15
3363465 2 99 6 7 3:30 0:30
6719910 2 99 6 7 4:00 1:00
6972755 2 99 6 7 5:00 0:30
6975842 2 99 6 7 5:30 0:30
4322 7 99 6 6 6:00 0:30
2341 7 99 6 6 6:30 0:30
3070 7 99 6 6 7:00 0:30
3457 7 99 6 6 7:30 0:30
61896 7 99 6 6 8:00 1:00
5319051 7 99 6 6 9:00 2:00
18780 7 99 6 6 11:00 1:00
2186 7 99 6 6 12:00 0:30
71103964 7 99 6 6 12:30 2:50
45937186 7 99 6 6 15:20 2:40
8322 7 99 6 6 18:00 0:30
6341 7 99 6 6 18:30 0:30
6186 7 99 6 6 19:00 0:30
5457 7 99 6 6 19:30 0:30
5070 7 99 6 6 20:00 0:30
95898322 7 99 6 6 20:30 2:45
6300438 7 99 6 6 23:15 1:50
4405262 7 99 6 7 1:05 1:10
7796484 7 99 6 7 2:15 1:00
1648194 7 99 6 7 3:15 1:00
6441668 7 99 6 7 4:15 0:55
2943026 7 99 6 7 5:10 0:25
2934378 7 99 6 7 5:35 0:25
4510099 28 99 6 6 6:00 0:30
4588490 28 99 6 6 6:30 0:30
4596419 28 99 6 6 7:00 0:30
4599506 28 99 6 6 7:30 0:30
4590235 28 99 6 6 8:00 0:30
63641235 28 99 6 6 8:30 0:25
32698693 28 99 6 6 8:55 0:35
2747254 28 99 6 6 9:30 1:00
2748983 28 99 6 6 10:00 0:30
1345506 28 99 6 6 10:30 1:00
4285815 28 99 6 6 11:30 1:00
2241273 28 99 6 6 12:30 0:55
18137254 28 99 6 6 13:25 1:05
4276167 28 99 6 6 14:30 1:00
2496322 28 99 6 6 15:30 0:30
2497051 28 99 6 6 16:00 0:30
5729032 28 99 6 6 16:30 1:00
6866896 28 99 6 6 17:30 0:30
6867525 28 99 6 6 18:00 0:30
6875544 28 99 6 6 18:30 0:30
2919051 28 99 6 6 19:00 0:30
2918322 28 99 6 6 19:30 0:30
2915235 28 99 6 6 20:00 0:30
71974322 28 99 6 6 20:30 3:15
90369983 28 99 6 6 23:45 1:10
36503007 28 99 6 7 0:55 0:55
1190910 28 99 6 7 5:00 0:30
1100397 28 99 6 7 5:30 0:30
24894099 9 99 6 6 6:00 2:00
838457 9 99 6 6 8:00 1:00
4159380 9 99 6 6 9:00 2:00
2889761 9 99 6 6 11:00 1:15
1216780 9 99 6 6 12:15 1:00
4493273 9 99 6 6 13:15 1:45
163780 9 99 6 6 15:00 2:00
630877 9 99 6 6 17:00 1:00
128457 9 99 6 6 18:00 0:30
635322 9 99 6 6 18:30 1:00
5331186 9 99 6 6 19:25 0:05
933341 9 99 6 6 19:30 1:00
5151235 9 99 6 6 20:30 2:25
6610728 9 99 6 6 22:55 0:05
24081490 9 99 6 6 23:00 4:30
3975194 9 99 6 7 3:30 2:00
1752113 9 99 6 7 5:30 0:30
942099 10 99 6 6 6:00 0:30
910490 10 99 6 6 6:30 0:30
5175032 10 99 6 6 7:00 1:30
5681544 10 99 6 6 8:30 2:30
386419 10 99 6 6 11:00 0:30
389506 10 99 6 6 11:30 0:30
380235 10 99 6 6 12:00 0:30
262490 10 99 6 6 12:30 1:00
750070 10 99 6 6 13:30 0:30
281525 10 99 6 6 14:00 1:00
161322 10 99 6 6 15:00 2:00
115983 10 99 6 6 17:00 0:30
118070 10 99 6 6 17:30 0:30
126099 10 99 6 6 18:00 0:30
194490 10 99 6 6 18:30 0:30
271916 10 99 6 6 19:00 0:30
931983 10 99 6 6 19:30 1:00
5162341 10 99 6 6 20:30 2:05
5660051 10 99 6 6 22:35 0:30
2940457 10 99 6 6 23:05 0:30
7183815 10 99 6 6 23:35 2:00
4656552 10 99 6 7 1:35 0:25
8709216 10 99 6 7 2:00 1:00
8607804 10 99 6 7 3:00 1:00
1000668 10 99 6 7 4:00 0:30
1756939 10 99 6 7 4:30 0:30
1757668 10 99 6 7 5:00 0:30
1750755 10 99 6 7 5:30 0:30
1378 2 99 6 7 6:00 0:30
9397 2 99 6 7 6:30 0:30
8886 2 99 6 7 7:00 0:30
3099533 2 99 6 7 7:35 0:25
92026 2 99 6 7 8:00 0:25
7158262 2 99 6 7 8:25 0:05
3480858 2 99 6 7 8:30 0:55
7652668 2 99 6 7 9:25 0:05
5587 2 99 6 7 9:30 0:30
50026 2 99 6 7 10:00 0:15
4900465 2 99 6 7 10:15 0:05
1340262 2 99 6 7 10:20 0:20
8952674 2 99 6 7 10:40 0:20
38668 2 99 6 7 11:00 1:00
3552 2 99 6 7 12:00 0:30
2281 2 99 6 7 12:30 0:30
18804 2 99 6 7 13:00 1:00
12620 2 99 6 7 14:00 1:00
6674 2 99 6 7 15:00 0:30
3533 2 99 6 7 15:30 0:30
60823 2 99 6 7 16:00 0:25
6077649 2 99 6 7 16:25 0:05
12216 2 99 6 7 16:30 0:25
3034755 2 99 6 7 16:55 0:05
68842 2 99 6 7 17:00 0:25
3015620 2 99 6 7 17:25 0:05
58465 2 99 6 7 17:30 0:25
7398007 2 99 6 7 17:55 0:05
2026 2 99 6 7 18:00 0:30
3945 2 99 6 7 18:30 0:30
910 2 99 6 7 19:00 0:30
281 2 99 6 7 19:30 0:30
194 2 99 6 7 20:00 0:30
36649 2 99 6 7 20:30 0:45
3113736 2 99 6 7 21:15 0:15
69991 2 99 6 7 21:30 0:55
9781133 2 99 6 7 22:25 0:05
95755 2 99 6 7 22:30 0:50
7557378 2 99 6 7 23:20 1:00
1014040 2 99 6 8 0:20 0:35
51132392 2 99 6 8 0:55 2:05
3320750 2 99 6 8 3:00 0:30
3330137 2 99 6 8 3:30 0:30
3331866 2 99 6 8 4:00 0:30
6948798 2 99 6 8 4:30 0:30
6949427 2 99 6 8 5:00 0:30
6942514 2 99 6 8 5:30 0:30
73281 7 99 6 7 6:00 1:00
6045 7 99 6 7 7:00 0:30
7804 7 99 6 7 7:30 0:30
8533 7 99 6 7 8:00 0:30
4552 7 99 6 7 8:30 0:30
26303 7 99 6 7 9:00 1:00
24991 7 99 6 7 10:00 1:00
91649 7 99 6 7 11:00 1:00
280552 7 99 6 7 12:00 2:00
88129 7 99 6 7 14:00 1:00
6945 7 99 6 7 15:00 0:30
3804 7 99 6 7 15:30 0:30
4533 7 99 6 7 16:00 0:30
8692 7 99 6 7 16:30 0:30
1281 7 99 6 7 17:00 0:30
1668 7 99 6 7 17:30 0:30
2397 7 99 6 7 18:00 0:30
3216 7 99 6 7 18:30 0:30
6571 7 99 6 7 19:00 0:30
7281 7 99 6 7 19:30 1:00
97020 7 99 6 7 20:30 1:00
97084 7 99 6 7 21:30 1:00
29484 7 99 6 7 22:30 1:00
15200 7 99 6 7 23:30 0:25
5228741 7 99 6 7 23:55 0:35
4621798 7 99 6 8 0:30 0:30
2345224 7 99 6 8 1:00 2:00
3980972 7 99 6 8 3:00 0:55
3631595 7 99 6 8 3:55 0:45
1827021 7 99 6 8 4:40 0:30
2910798 7 99 6 8 5:10 0:25
2994750 7 99 6 8 5:35 0:25
1118736 28 99 6 7 6:00 0:20
80902113 28 99 6 7 6:20 0:35
18707587 28 99 6 7 6:55 0:35
4493378 28 99 6 7 7:30 0:30
1251113 28 99 6 7 8:00 1:00
2648939 28 99 6 7 9:00 0:30
7545858 28 99 6 7 9:30 0:45
19687552 28 99 6 7 10:15 0:45
2724303 28 99 6 7 11:00 0:30
2621262 28 99 6 7 11:30 0:30
1622991 28 99 6 7 12:00 0:30
4972674 28 99 6 7 12:30 1:25
18012991 28 99 6 7 13:55 1:05
2397007 28 99 6 7 15:00 0:30
2390194 28 99 6 7 15:30 0:30
2391823 28 99 6 7 16:00 0:30
6759552 28 99 6 7 16:30 0:30
1120571 28 99 6 7 17:00 0:50
63967945 28 99 6 7 17:50 0:10
6761397 28 99 6 7 18:00 0:30
6842216 28 99 6 7 18:30 0:30
2813823 28 99 6 7 19:00 0:30
4403755 28 99 6 7 19:30 1:00
9676804 28 99 6 7 20:30 1:00
2905858 28 99 6 7 21:30 0:30
9251858 28 99 6 7 22:00 1:50
51168939 28 99 6 7 23:50 2:20
1167682 28 99 6 8 5:00 0:30
1177069 28 99 6 8 5:30 0:30
56411084 9 99 6 7 6:00 3:00
875939 9 99 6 7 9:00 0:30
399194 9 99 6 7 9:30 1:00
950674 9 99 6 7 10:30 0:30
951303 9 99 6 7 11:00 0:30
858262 9 99 6 7 11:30 0:30
843945 9 99 6 7 12:00 1:00
756465 9 99 6 7 13:00 1:00
750281 9 99 6 7 14:00 1:00
237755 9 99 6 7 15:00 0:30
230842 9 99 6 7 15:30 0:30
231571 9 99 6 7 16:00 0:30
690200 9 99 6 7 16:30 0:30
771129 9 99 6 7 17:00 0:30
774216 9 99 6 7 17:30 0:30
775945 9 99 6 7 18:00 0:30
687736 9 99 6 7 18:30 0:30
520842 9 99 6 7 19:00 0:30
5308858 9 99 6 7 19:25 0:05
529113 9 99 6 7 19:30 0:30
526026 9 99 6 7 20:00 0:30
525397 9 99 6 7 20:30 0:30
517378 9 99 6 7 21:00 0:30
7498303 9 99 6 7 21:30 2:05
7592281 9 99 6 7 23:35 0:30
8092866 9 99 6 8 0:05 1:00
4642359 9 99 6 8 1:05 0:25
35554515 9 99 6 8 1:30 2:35
7730840 9 99 6 8 4:05 0:55
8696798 9 99 6 8 5:00 1:00
419397 10 99 6 7 6:00 0:30
590216 10 99 6 7 6:30 0:30
5079804 10 99 6 7 7:00 1:30
865552 10 99 6 7 8:30 0:30
5651303 10 99 6 7 9:00 2:30
856804 10 99 6 7 11:30 0:30
841587 10 99 6 7 12:00 1:00
215533 10 99 6 7 13:00 0:30
755736 10 99 6 7 13:30 1:00
759552 10 99 6 7 14:30 1:00
238484 10 99 6 7 15:30 0:30
239113 10 99 6 7 16:00 0:30
698842 10 99 6 7 16:30 0:30
201945 10 99 6 7 17:00 1:00
773587 10 99 6 7 18:00 0:30
685378 10 99 6 7 18:30 0:30
528484 10 99 6 7 19:00 0:30
408281 10 99 6 7 19:30 1:00
427133 10 99 6 7 20:30 1:00
454587 10 99 6 7 21:30 1:00
609303 10 99 6 7 22:30 0:30
680823 10 99 6 7 23:00 0:30
689194 10 99 6 7 23:30 0:30
524243 10 99 6 8 0:00 2:00
8603088 10 99 6 8 2:00 1:00
8674576 10 99 6 8 3:00 1:00
1060040 10 99 6 8 4:00 0:30
1716311 10 99 6 8 4:30 0:30
1717040 10 99 6 8 5:00 0:30
1727427 10 99 6 8 5:30 0:30
8601 2 99 6 8 6:00 0:30
3392 2 99 6 8 6:30 0:30
4021 2 99 6 8 7:00 0:30
3066205 2 99 6 8 7:35 0:25
48885 2 99 6 8 8:00 0:25
7125934 2 99 6 8 8:25 0:30
3377330 2 99 6 8 8:30 0:55
7612040 2 99 6 8 9:25 0:05
5972 2 99 6 8 9:30 0:30
13175 2 99 6 8 10:00 0:15
9157048 2 99 6 8 10:15 0:15
7229311 2 99 6 8 10:30 0:15
4843359 2 99 6 8 10:45 0:15
2021 2 99 6 8 11:00 0:30
2408 2 99 6 8 11:30 0:30
3137 2 99 6 8 12:00 0:30
9156 2 99 6 8 12:30 0:30
33514 2 99 6 8 13:00 0:45
2932408 2 99 6 8 13:45 0:15
82069 2 99 6 8 14:00 1:00
5791 2 99 6 8 15:00 0:30
6428 2 99 6 8 15:30 0:30
16682 2 99 6 8 16:00 0:25
6037021 2 99 6 8 16:25 0:05
95175 2 99 6 8 16:30 0:25
3001427 2 99 6 8 16:55 0:05
14601 2 99 6 8 17:00 0:25
3082392 2 99 6 8 17:25 0:05
20804 2 99 6 8 17:30 0:25
7365779 2 99 6 8 17:55 0:05
1953 2 99 6 8 18:00 0:30
9972 2 99 6 8 18:30 0:30
885 2 99 6 8 19:00 0:30
156 2 99 6 8 19:30 0:30
999 2 99 6 8 20:00 0:30
57458 2 99 6 8 20:30 1:00
68682 2 99 6 8 21:30 0:55
3086345 2 99 6 8 22:25 0:05
46069 2 99 6 8 22:30 0:35
6168330 2 99 6 8 23:05 0:55
30248 2 99 6 9 0:00 1:00
3317286 2 99 6 9 1:00 0:30
3271083 2 99 6 9 1:30 1:30
3397422 2 99 6 9 3:00 0:30
3307809 2 99 6 9 3:30 0:30
3308538 2 99 6 9 4:00 0:30
6908170 2 99 6 9 4:30 0:30
6916199 2 99 6 9 5:00 0:30
6919286 2 99 6 9 5:30 0:30
29040 7 99 6 8 6:00 1:00
4392 7 99 6 8 7:00 0:30
4779 7 99 6 8 7:30 0:30
5408 7 99 6 8 8:00 0:30
1427 7 99 6 8 8:30 0:30
83224 7 99 6 8 9:00 1:00
87040 7 99 6 8 10:00 1:00
61088 7 99 6 8 11:00 1:00
2141175 7 99 6 8 12:00 2:05
379205 7 99 6 8 14:05 0:55
6232 7 99 6 8 15:00 0:30
1309 7 99 6 8 15:30 0:30
1408 7 99 6 8 16:00 0:30
7427 7 99 6 8 16:30 0:30
8156 7 99 6 8 17:00 0:30
1243 7 99 6 8 17:30 0:30
2972 7 99 6 8 18:00 0:30
7663 7 99 6 8 18:30 0:30
7408 7 99 6 8 19:00 0:30
6779 7 99 6 8 19:30 0:30
6392 7 99 6 8 20:00 0:30
7017798 7 99 6 8 20:25 0:05
62779 7 99 6 8 20:30 1:00
51663 7 99 6 8 21:30 1:00
75243 7 99 6 8 22:30 1:00
45021 7 99 6 8 23:30 0:25
2987427 7 99 6 8 23:55 1:05
2312996 7 99 6 9 1:00 2:00
3957644 7 99 6 9 3:00 0:55
3608267 7 99 6 9 3:55 0:45
1894793 7 99 6 9 4:40 0:30
2970170 7 99 6 9 5:10 0:25
2961422 7 99 6 9 5:35 0:25
1185408 28 99 6 8 6:00 0:20
80979885 28 99 6 8 6:20 0:35
18601359 28 99 6 8 6:55 0:35
4453750 28 99 6 8 7:30 0:30
1228885 28 99 6 8 8:00 1:00
2608311 28 99 6 8 9:00 0:30
7432330 28 99 6 8 9:30 0:45
19654224 28 99 6 8 10:15 0:45
2628175 28 99 6 8 11:00 0:30
2698934 28 99 6 8 11:30 0:30
2699663 28 99 6 8 12:00 0:30
4867798 28 99 6 8 12:30 1:15
59254021 28 99 6 8 13:45 1:15
2364779 28 99 6 8 15:00 0:30
2367866 28 99 6 8 15:30 0:30
2368595 28 99 6 8 16:00 0:30
6726224 28 99 6 8 16:30 0:30
5608595 28 99 6 8 17:00 1:00
6738069 28 99 6 8 18:00 0:30
6746088 28 99 6 8 18:30 0:30
2880595 28 99 6 8 19:00 0:30
2889866 28 99 6 8 19:30 0:30
2886779 28 99 6 8 20:00 0:30
9643576 28 99 6 8 20:30 1:00
2892330 28 99 6 8 21:30 0:30
9143885 28 99 6 8 22:00 1:35
86113392 28 99 6 8 23:35 1:10
87877373 28 99 6 9 0:45 1:45
1134354 28 99 6 9 5:00 0:30
1137441 28 99 6 9 5:30 0:30
572021 9 99 6 8 6:00 1:00
3303048 9 99 6 8 7:00 2:00
413779 9 99 6 8 9:00 0:30
953972 9 99 6 8 9:30 1:00
425514 9 99 6 8 10:30 0:30
426243 9 99 6 8 11:00 0:30
429330 9 99 6 8 11:30 0:30
301595 9 99 6 8 12:00 1:00
310243 9 99 6 8 13:00 1:00
321359 9 99 6 8 14:00 1:00
868205 9 99 6 8 15:00 0:30
861392 9 99 6 8 15:30 0:30
862021 9 99 6 8 16:00 0:30
221750 9 99 6 8 16:30 0:30
239779 9 99 6 8 17:00 0:30
232866 9 99 6 8 17:30 0:30
233595 9 99 6 8 18:00 0:30
241514 9 99 6 8 18:30 0:30
151392 9 99 6 8 19:00 0:30
5295330 9 99 6 8 19:25 0:05
150663 9 99 6 8 19:30 0:30
157576 9 99 6 8 20:00 0:30
611359 9 99 6 8 20:30 1:00
600243 9 99 6 8 21:30 1:00
169311 9 99 6 8 22:30 0:30
24952934 9 99 6 8 23:00 4:30
8644335 9 99 6 9 3:30 1:00
1785441 9 99 6 9 4:30 0:30
8656170 9 99 6 9 5:00 1:00
546327 10 99 6 8 6:00 0:30
691476 10 99 6 8 6:30 0:30
5046576 10 99 6 8 7:00 1:30
403392 10 99 6 8 8:30 0:30
5555175 10 99 6 8 9:00 2:30
427972 10 99 6 8 11:30 0:30
309137 10 99 6 8 12:00 1:00
879311 10 99 6 8 13:00 0:30
319514 10 99 6 8 13:30 1:00
313330 10 99 6 8 14:30 1:00
869934 10 99 6 8 15:30 0:30
860663 10 99 6 8 16:00 0:30
229392 10 99 6 8 16:30 0:30
776885 10 99 6 8 17:00 1:00
231137 10 99 6 8 18:00 0:30
249156 10 99 6 8 18:30 0:30
159934 10 99 6 8 19:00 0:30
641791 10 99 6 8 19:30 1:00
602601 10 99 6 8 20:30 1:00
608885 10 99 6 8 21:30 1:00
167953 10 99 6 8 22:30 0:30
244601 10 99 6 8 23:00 0:30
243972 10 99 6 8 23:30 0:30
977199 10 99 6 9 0:00 2:00
8663460 10 99 6 9 2:00 1:00
8641248 10 99 6 9 3:00 1:00
1037712 10 99 6 9 4:00 0:30
1783083 10 99 6 9 4:30 0:30
1784712 10 99 6 9 5:00 0:30
1794199 10 99 6 9 5:30 0:30
2248 2 99 6 9 6:00 0:30
5557 2 99 6 9 6:30 0:30
28625 2 99 6 9 7:00 0:15
5465441 2 99 6 9 7:15 0:15
3033977 2 99 6 9 7:35 0:25
48489 2 99 6 9 8:00 0:10
8149915 2 99 6 9 8:10 0:15
7192606 2 99 6 9 8:25 0:05
3344002 2 99 6 9 8:30 0:55
7689712 2 99 6 9 9:25 0:05
7199 2 99 6 9 9:30 0:30
36606 2 99 6 9 10:00 0:15
7957660 2 99 6 9 10:15 0:15
7297712 2 99 6 9 10:30 0:20
4802002 2 99 6 9 10:50 0:15
8967606 2 99 6 9 11:05 0:25
7335 2 99 6 9 11:30 0:30
8064 2 99 6 9 12:00 0:30
3793 2 99 6 9 12:30 0:30
27712 2 99 6 9 13:00 1:00
38828 2 99 6 9 14:00 1:00
4286 2 99 6 9 15:00 0:30
7373 2 99 6 9 15:30 0:30
79731 2 99 6 9 16:00 0:25
6004793 2 99 6 9 16:25 0:05
25996 2 99 6 9 16:30 0:25
3078199 2 99 6 9 16:55 0:05
62248 2 99 6 9 17:00 0:25
3059064 2 99 6 9 17:25 0:05
85199 2 99 6 9 17:30 0:25
7325151 2 99 6 9 17:55 0:05
6248 2 99 6 9 18:00 0:30
4267 2 99 6 9 18:30 0:30
460 2 99 6 9 19:00 0:30
731 2 99 6 9 19:30 0:30
644 2 99 6 9 20:00 0:30
60606 2 99 6 9 20:30 0:40
287712 2 99 6 9 21:10 0:30
704828 2 99 6 9 21:40 0:20
880 2 99 6 9 22:00 0:30
27199 2 99 6 9 22:30 0:05
8122489 2 99 6 9 22:35 0:35
2362199 2 99 6 9 23:10 1:45
7435565 2 99 6 10 0:55 1:00
66070749 2 99 6 10 1:55 0:35
3290565 2 99 6 10 2:30 0:30
3291294 2 99 6 10 3:00 0:30
3294381 2 99 6 10 3:30 0:30
3295010 2 99 6 10 4:00 0:30
6802942 2 99 6 10 4:30 0:30
6803671 2 99 6 10 5:00 0:30
6986958 2 99 6 10 5:30 0:30
99489 7 99 6 9 6:00 1:00
4977 7 99 6 9 7:00 0:30
7064 7 99 6 9 7:30 0:30
8793 7 99 6 9 8:00 0:30
1002 7 99 6 9 8:30 0:30
39083 7 99 6 9 9:00 1:00
40199 7 99 6 9 10:00 1:00
8538 7 99 6 9 10:30 0:30
17847 7 99 6 9 11:00 1:00
491828 7 99 6 9 12:00 2:00
27259 7 99 6 9 14:00 1:00
4557 7 99 6 9 15:00 0:30
7644 7 99 6 9 15:30 0:30
8373 7 99 6 9 16:00 0:30
7002 7 99 6 9 16:30 0:30
8731 7 99 6 9 17:00 0:30
8118 7 99 6 9 17:30 0:30
9847 7 99 6 9 18:00 0:30
4538 7 99 6 9 18:30 0:30
3903 7 99 6 9 19:00 0:30
7441 7 99 6 9 19:30 1:00
18538 7 99 6 9 20:30 1:00
99462 7 99 6 9 21:30 1:00
21002 7 99 6 9 22:30 1:00
8354 7 99 6 9 23:30 0:30
91229 7 99 6 10 0:00 0:35
8348855 7 99 6 10 0:35 2:00
1347768 7 99 6 10 2:35 0:55
3830923 7 99 6 10 3:30 0:45
5185652 7 99 6 10 4:15 0:25
1798565 7 99 6 10 4:40 0:30
2874942 7 99 6 10 5:10 0:25
2865294 7 99 6 10 5:35 0:25
1145880 28 99 6 9 6:00 0:20
80946557 28 99 6 9 6:20 0:35
18661731 28 99 6 9 6:55 0:35
4420422 28 99 6 9 7:30 0:30
1295557 28 99 6 9 8:00 1:00
2675083 28 99 6 9 9:00 0:30
7409002 28 99 6 9 9:30 0:45
19621996 28 99 6 9 10:15 0:45
2695847 28 99 6 9 11:00 0:30
2665606 28 99 6 9 11:30 0:30
2666335 28 99 6 9 12:00 0:30
4843118 28 99 6 9 12:30 1:25
18056335 28 99 6 9 13:55 1:05
2324151 28 99 6 9 15:00 0:30
2334538 28 99 6 9 15:30 0:30
2335267 28 99 6 9 16:00 0:30
6793996 28 99 6 9 16:30 0:30
5675267 28 99 6 9 17:00 1:00
6798441 28 99 6 9 18:00 0:30
6706460 28 99 6 9 18:30 0:30
2857267 28 99 6 9 19:00 0:30
2856538 28 99 6 9 19:30 0:30
2846151 28 99 6 9 20:00 0:30
9610248 28 99 6 9 20:30 1:00
2869002 28 99 6 9 21:30 0:30
6075373 28 99 6 9 22:00 1:25
29198441 28 99 6 9 23:25 0:15
8922248 28 99 6 9 23:40 0:50
46810213 29 99 6 10 0:30 1:25
1038126 29 99 6 10 5:00 0:30
1031213 29 99 6 10 5:30 0:30
152847 9 99 6 9 6:00 1:00
1103660 9 99 6 9 7:00 2:00
218147 9 99 6 9 9:00 0:30
500460 9 99 6 9 9:30 1:00
510642 9 99 6 9 10:30 0:30
160101 9 99 6 9 11:00 0:30
415278 9 99 6 9 11:30 0:30
958083 9 99 6 9 12:00 1:00
967731 9 99 6 9 13:00 1:00
978847 9 99 6 9 14:00 1:00
431731 9 99 6 9 15:00 0:30
441118 9 99 6 9 15:30 0:30
442847 9 99 6 9 16:00 0:30
885538 9 99 6 9 16:30 0:30
886267 9 99 6 9 17:00 0:30
889354 9 99 6 9 17:30 0:30
880083 9 99 6 9 18:00 0:30
898002 9 99 6 9 18:30 0:30
731118 9 99 6 9 19:00 0:30
5262002 9 99 6 9 19:25 0:05
94626828 9 99 6 9 19:30 8:00
8548107 9 99 6 10 3:30 1:00
1689213 9 99 6 10 4:30 0:30
8550942 9 99 6 10 5:00 0:30
697335 10 99 6 9 6:00 0:30
605354 10 99 6 9 6:30 0:30
5013248 10 99 6 9 7:00 1:30
710480 10 99 6 9 8:30 0:30
5522847 10 99 6 9 9:00 2:30
710660 10 99 6 9 11:30 0:30
956625 10 99 6 9 12:00 1:00
426809 10 99 6 9 13:00 0:30
966002 10 99 6 9 13:30 1:00
977118 10 99 6 9 14:30 1:00
432460 10 99 6 9 15:30 0:30
440489 10 99 6 9 16:00 0:30
876880 10 99 6 9 16:30 0:30
316083 10 99 6 9 17:00 1:00
888625 10 99 6 9 18:00 0:30
896644 10 99 6 9 18:30 0:30
722460 10 99 6 9 19:00 0:30
721731 10 99 6 9 19:30 0:30
728644 10 99 6 9 20:00 0:30
266489 10 99 6 9 20:30 1:00
9502444 10 99 6 9 21:30 1:15
2850880 10 99 6 9 22:45 0:30
2877557 10 99 6 9 23:15 0:30
7523151 10 99 6 9 23:45 0:30
8041132 10 99 6 10 0:15 1:00
3894279 10 99 6 10 1:15 1:00
5863010 10 99 6 10 2:15 1:00
6370720 10 99 6 10 3:15 0:30
9744768 10 99 6 10 3:45 0:15
1931584 10 99 6 10 4:00 0:30
1687855 10 99 6 10 4:30 0:30
1688584 10 99 6 10 5:00 0:30
1681671 10 99 6 10 5:30 0:30
6403 2 99 6 10 6:00 0:30
8294 2 99 6 10 6:30 0:30
9923 2 99 6 10 7:00 0:30
3937749 2 99 6 10 7:35 0:25
87958 2 99 6 10 8:00 0:10
8116687 2 99 6 10 8:10 0:15
7096478 2 99 6 10 8:25 0:05
3311774 2 99 6 10 8:30 0:55
7583584 2 99 6 10 9:25 0:05
3584 2 99 6 10 9:30 0:30
19565 2 99 6 10 10:00 0:15
1252872 2 99 6 10 10:15 0:15
7190855 2 99 6 10 10:30 0:15
4870403 2 99 6 10 10:45 0:15
9862720 2 99 6 10 11:00 0:40
7468294 2 99 6 10 11:40 0:20
1749 2 99 6 10 12:00 0:30
1738 2 99 6 10 12:30 0:30
93381 2 99 6 10 13:00 1:00
12887 2 99 6 10 14:00 1:00
4671 2 99 6 10 15:00 0:30
7958 2 99 6 10 15:30 0:30
25590 2 99 6 10 16:00 0:25
6908565 2 99 6 10 16:25 0:05
88045 2 99 6 10 16:30 0:25
3965671 2 99 6 10 16:55 0:05
27381 2 99 6 10 17:00 0:25
3953836 2 99 6 10 17:25 0:05
13132 2 99 6 10 17:30 0:25
7229923 2 99 6 10 17:55 0:05
2861 2 99 6 10 18:00 0:30
4652 2 99 6 10 18:30 0:30
107 2 99 6 10 19:00 0:30
478 2 99 6 10 19:30 0:30
519 2 99 6 10 20:00 0:30
590 2 99 6 10 20:30 0:30
671 2 99 6 10 21:00 0:30
59890 2 99 6 10 21:30 1:00
68652 2 99 6 10 22:30 0:05
8182861 2 99 6 10 22:35 0:35
2093836 2 99 6 10 23:10 0:30
7483749 2 99 6 10 23:40 1:00
6036324 2 99 6 11 0:40 0:30
3919362 2 99 6 11 1:10 1:50
3268966 2 99 6 11 3:00 0:30
3261053 2 99 6 11 3:30 0:30
3262782 2 99 6 11 4:00 0:30
4304017 2 99 6 11 4:30 0:15
3933241 2 99 6 11 4:45 0:15
6870343 2 99 6 11 5:00 0:30
6873430 2 99 6 11 5:30 0:30
32720 7 99 6 10 6:00 1:00
9294 7 99 6 10 7:00 0:30
2381 7 99 6 10 7:30 0:30
3010 7 99 6 10 8:00 0:30
9039 7 99 6 10 8:30 0:30
12942 7 99 6 10 9:00 1:00
96958 7 99 6 10 10:00 1:00
56316 7 99 6 10 11:00 1:00
986836 7 99 6 10 12:00 2:00
74768 7 99 6 10 14:00 1:00
4942 7 99 6 10 15:00 0:30
7229 7 99 6 10 15:30 0:30
8958 7 99 6 10 16:00 0:30
7687 7 99 6 10 16:30 0:30
8316 7 99 6 10 17:00 0:30
1403 7 99 6 10 17:30 0:30
2132 7 99 6 10 18:00 0:30
4923 7 99 6 10 18:30 0:30
7478 7 99 6 10 19:00 0:30
6749 7 99 6 10 19:30 0:30
2590 7 99 6 10 20:00 0:30
7971942 7 99 6 10 20:25 0:05
3996652 7 99 6 10 20:30 1:10
2448213 7 99 6 10 21:40 2:05
4220756 7 99 6 10 23:45 0:30
3445985 7 99 6 11 0:15 1:05
8319343 7 99 6 11 1:20 2:00
1318256 7 99 6 11 3:20 0:55
5152324 7 99 6 11 4:15 0:25
1765237 7 99 6 11 4:40 0:30
2841614 7 99 6 11 5:10 0:25
2832966 7 99 6 11 5:35 0:25
1049652 28 99 6 10 6:00 0:20
80913229 28 99 6 10 6:20 0:35
18638403 28 99 6 10 6:55 0:35
4324294 28 99 6 10 7:30 0:30
1262229 28 99 6 10 8:00 1:00
2579855 28 99 6 10 9:00 0:30
7476774 28 99 6 10 9:30 0:45
19525768 28 99 6 10 10:15 0:45
2662519 28 99 6 10 11:00 0:30
2569478 28 99 6 10 11:30 0:30
2560107 28 99 6 10 12:00 0:30
7986756 28 99 6 10 12:30 1:50
75558958 28 99 6 10 14:10 0:50
2228923 28 99 6 10 15:00 0:30
2221010 28 99 6 10 15:30 0:30
2239039 28 99 6 10 16:00 0:30
6697768 28 99 6 10 16:30 0:30
5579039 28 99 6 10 17:00 1:00
6692213 28 99 6 10 18:00 0:30
6773132 28 99 6 10 18:30 0:30
2751039 28 99 6 10 19:00 0:30
4334671 28 99 6 10 19:30 1:00
9507720 28 99 6 10 20:30 1:00
2836774 28 99 6 10 21:30 0:30
9181045 28 99 6 10 22:00 1:45
20364687 28 99 6 10 23:45 1:40
47420904 28 99 6 11 1:25 1:45
1005898 28 99 6 11 5:00 0:30
1008985 28 99 6 11 5:30 0:30
603107 9 99 6 10 6:00 1:00
5408872 9 99 6 10 7:00 2:00
624045 9 99 6 10 9:00 0:30
157958 9 99 6 10 9:30 1:00
530652 9 99 6 10 10:30 0:30
531381 9 99 6 10 11:00 0:30
541768 9 99 6 10 11:30 0:30
425381 9 99 6 10 12:00 1:00
514229 9 99 6 10 13:00 1:00
518045 9 99 6 10 14:00 1:00
999381 9 99 6 10 15:00 0:30
909768 9 99 6 10 15:30 0:30
900497 9 99 6 10 16:00 0:30
369126 9 99 6 10 16:30 0:30
360855 9 99 6 10 17:00 0:30
363942 9 99 6 10 17:30 0:30
364671 9 99 6 10 18:00 0:30
445590 9 99 6 10 18:30 0:30
299768 9 99 6 10 19:00 0:30
5239774 9 99 6 10 19:25 0:05
179565 9 99 6 10 19:30 1:00
719107 9 99 6 10 20:30 1:00
612855 9 99 6 10 21:30 1:30
351107 9 99 6 10 23:00 0:30
6253216 9 99 6 10 23:30 4:00
8515879 9 99 6 11 3:30 1:00
1656985 9 99 6 11 4:30 0:30
8527614 9 99 6 11 5:00 0:30
171923 10 99 6 10 6:00 0:30
189942 10 99 6 10 6:30 0:30
5900720 10 99 6 10 7:00 1:30
621958 10 99 6 10 8:30 0:30
5599519 10 99 6 10 9:00 2:30
532010 10 99 6 10 11:30 0:30
423923 10 99 6 10 12:00 1:00
935137 10 99 6 10 13:00 0:30
433300 10 99 6 10 13:30 1:00
517316 10 99 6 10 14:30 1:00
990010 10 99 6 10 15:30 0:30
908039 10 99 6 10 16:00 0:30
367768 10 99 6 10 16:30 0:30
883381 10 99 6 10 17:00 1:00
362213 10 99 6 10 18:00 0:30
443132 10 99 6 10 18:30 0:30
280010 10 99 6 10 19:00 0:30
289381 10 99 6 10 19:30 0:30
286294 10 99 6 10 20:00 0:30
614213 10 99 6 10 20:30 1:30
379958 10 99 6 10 22:00 0:30
378229 10 99 6 10 22:30 0:30
359749 10 99 6 10 23:00 0:30
341720 10 99 6 10 23:30 0:30
389546 10 99 6 11 0:00 1:00
5990343 10 99 6 11 1:00 1:00
8534904 10 99 6 11 2:00 1:00
8505492 10 99 6 11 3:00 1:00
1908256 10 99 6 11 4:00 0:30
1654527 10 99 6 11 4:30 0:30
1655256 10 99 6 11 5:00 0:30
1658343 10 99 6 11 5:30 0:30
3188 2 99 6 11 6:00 0:30
8879 2 99 6 11 6:30 0:30
9508 2 99 6 11 7:00 0:30
3997121 2 99 6 11 7:35 0:25
60817 2 99 6 11 8:00 0:10
8010459 2 99 6 11 8:10 0:15
7056850 2 99 6 11 8:25 0:05
3215546 2 99 6 11 8:30 0:55
7550256 2 99 6 11 9:25 0:05
3169 2 99 6 11 9:30 0:30
89904 2 99 6 11 10:00 0:15
8518140 2 99 6 11 10:15 0:10
4101148 2 99 6 11 10:25 0:15
8787362 2 99 6 11 10:40 0:20
77169 2 99 6 11 11:00 0:15
5783459 2 99 6 11 11:15 0:15
6633 2 99 6 11 11:30 0:30
7362 2 99 6 11 12:00 0:30
8643 2 99 6 11 12:30 0:30
30492 2 99 6 11 13:00 1:00
41508 2 99 6 11 14:00 1:00
46633 2 99 6 11 15:00 0:25
7689492 2 99 6 11 15:25 0:05
1985 2 99 6 11 15:30 0:30
75121 2 99 6 11 16:00 0:25
6975237 2 99 6 11 16:25 0:05
61904 2 99 6 11 16:30 0:25
3932343 2 99 6 11 16:55 0:05
73140 2 99 6 11 17:00 0:25
3920508 2 99 6 11 17:25 0:05
9169 2 99 6 11 17:30 0:30
5558 2 99 6 11 18:00 0:30
8817 2 99 6 11 18:30 0:30
782 2 99 6 11 19:00 0:30
463 2 99 6 11 19:30 0:30
966 2 99 6 11 20:00 0:30
86850 2 99 6 11 20:30 0:50
3562701 2 99 6 11 21:20 0:10
57362 2 99 6 11 21:30 0:50
7785558 2 99 6 11 22:20 0:05
1333275 2 99 6 11 22:25 1:15
7443121 2 99 6 11 23:40 1:00
6003096 2 99 6 12 0:40 0:30
86844299 2 99 6 12 1:10 7:50
18099 7 99 6 11 6:00 1:00
9879 7 99 6 11 7:00 0:30
2966 7 99 6 11 7:30 0:30
3695 7 99 6 11 8:00 0:30
2324 7 99 6 11 8:30 0:30
59053 7 99 6 11 9:00 1:00
60169 7 99 6 11 10:00 1:00
4169 7 99 6 11 10:00 0:30
2188 7 99 6 11 10:30 0:30
20527 7 99 6 11 11:00 1:00
2072091 7 99 6 11 12:00 2:05
815689 7 99 6 11 14:05 0:55
4527 7 99 6 11 15:00 0:30
7614 7 99 6 11 15:30 0:30
8343 7 99 6 11 16:00 0:30
4362 7 99 6 11 16:30 0:30
5091 7 99 6 11 17:00 0:30
5850 7 99 6 11 17:30 0:30
3879 7 99 6 11 18:00 0:30
1898 7 99 6 11 18:30 0:30
1633 7 99 6 11 19:00 0:30
2343 7 99 6 11 19:30 1:00
95691411 7 99 6 11 20:30 3:00
5614 7 99 6 11 23:30 0:30
986744 7 99 6 12 0:00 2:00
6082744 7 99 6 12 2:00 2:00
4524831 7 99 6 12 2:00 0:30
38169657 7 99 6 12 2:30 1:30
4415541 7 99 6 12 4:00 1:10
2818386 7 99 6 12 5:10 0:25
2809638 7 99 6 12 5:35 0:25
267985 9 99 6 11 6:00 1:00
4757184 9 99 6 11 7:00 2:00 
108633 9 99 6 11 9:00 0:30
615508 9 99 6 11 9:30 1:00
178492 9 99 6 11 9:30 0:30
179121 9 99 6 11 10:00 0:30
187140 9 99 6 11 10:30 0:30
195169 9 99 6 11 11:00 0:30
198256 9 99 6 11 11:30 0:30
387461 9 99 6 11 12:00 1:00
285099 9 99 6 11 13:00 1:00
685035 9 99 6 11 14:00 1:00
553169 9 99 6 11 15:00 0:30
556256 9 99 6 11 15:30 0:30
557985 9 99 6 11 16:00 0:30
916614 9 99 6 11 16:30 0:30
917343 9 99 6 11 17:00 0:30
910430 9 99 6 11 17:30 0:30
928459 9 99 6 11 18:00 0:30
996850 9 99 6 11 18:30 0:30
846256 9 99 6 11 19:00 0:30
5133546 9 99 6 11 19:25 0:05
740633 9 99 6 11 19:30 1:00
5974188 9 99 6 11 20:30 2:10
834411 9 99 6 11 20:30 0:30
372256 9 99 6 11 21:00 1:00
2745630 9 99 6 11 22:00 0:40
2724411 9 99 6 11 22:40 0:30
20963492 9 99 6 11 23:10 4:20
3840454 9 99 6 12 3:30 2:00
1627473 9 99 6 12 5:30 0:30
742091 10 99 6 11 6:00 0:30
727782 10 99 6 11 6:30 0:30
5977492 10 99 6 11 7:00 1:30
105546 10 99 6 11 8:30 0:30
5486091 10 99 6 11 9:00 2:30
196898 10 99 6 11 11:30 0:30
580661 10 99 6 11 12:00 1:00
564275 10 99 6 11 13:00 0:30
130940 10 99 6 11 13:30 1:00
165296 10 99 6 11 14:30 1:00
554898 10 99 6 11 15:30 0:30
555527 10 99 6 11 16:00 0:30
914256 10 99 6 11 16:30 0:30
421121 10 99 6 11 17:00 1:00
919701 10 99 6 11 18:00 0:30
994492 10 99 6 11 18:30 0:30
844898 10 99 6 11 19:00 0:30
748275 10 99 6 11 19:30 1:00
4261459 10 99 6 11 20:30 2:30
906237 10 99 6 11 23:00 0:30
905508 10 99 6 11 23:30 0:30
559909 10 99 6 12 0:00 0:30
1983947 10 99 6 12 0:30 0:30
5967015 10 99 6 12 1:00 1:00
8501676 10 99 6 12 2:00 1:00
8572164 10 99 6 12 3:00 1:00
8581812 10 99 6 12 4:00 1:00
1622928 10 99 6 12 5:00 0:30
1625015 10 99 6 12 5:30 0:30
1016324 28 99 6 11 6:00 0:20
80800701 28 99 6 11 6:20 0:35
18532275 28 99 6 11 6:55 0:35
4391966 28 99 6 11 7:30 0:30
1159701 28 99 6 11 8:00 1:00
2546527 28 99 6 11 9:00 0:30
7370546 28 99 6 11 9:30 0:45
19585140 28 99 6 11 10:15 0:45
2559091 28 99 6 11 11:00 0:30
2529850 28 99 6 11 11:30 0:30
2537879 28 99 6 11 12:00 0:30
2043633 28 99 6 11 12:30 0:55
2758256 28 99 6 11 13:25 0:55
2080169 28 99 6 11 14:20 0:40
2295695 28 99 6 11 15:00 0:30
2298782 28 99 6 11 15:30 0:30
5553091 28 99 6 11 16:00 1:00
5539411 28 99 6 11 17:00 1:00
6669985 28 99 6 11 18:00 0:30
6677904 28 99 6 11 18:30 0:30
2711411 28 99 6 11 19:00 0:30
2710782 28 99 6 11 19:30 0:30
2717695 28 99 6 11 20:00 0:30
9574492 28 99 6 11 20:30 1:00
2730546 28 99 6 11 21:30 0:30
9085817 28 99 6 11 22:00 1:45
29057140 28 99 6 11 23:45 0:15
8560909 28 99 6 12 0:00 1:50
1065270 28 99 6 12 5:00 0:30
1075657 28 99 6 12 5:30 0:30
41363819 2 99 6 12 9:00 3:00
1909 2 99 6 12 12:00 0:30
7928 2 99 6 12 12:30 0:30
86251 2 99 6 12 13:00 1:00
74440947 2 99 6 12 14:00 3:00
77589 2 99 6 12 17:00 1:00
6283 2 99 6 12 18:00 0:30
5164 2 99 6 12 18:30 0:30
657 2 99 6 12 19:00 0:30
20096 2 99 6 12 19:30 0:55
8037305 2 99 6 12 20:25 0:05
45675 2 99 6 12 20:30 0:50
3539473 2 99 6 12 21:20 0:10
53386 2 99 6 12 21:30 0:55
6057270 2 99 6 12 22:25 0:55
2026164 2 99 6 12 23:20 0:30
55558611 2 99 6 12 23:50 7:10
6744 7 99 6 12 6:00 0:30
4763 7 99 6 12 6:30 0:30
5108947 7 99 6 12 7:00 2:00
1788 7 99 6 12 9:00 0:30
3015 7 99 6 12 9:30 0:30
4744 7 99 6 12 10:00 0:30
2763 7 99 6 12 10:30 0:30
1544 7 99 6 12 11:00 0:30
3251 7 99 6 12 11:30 0:30
70102 7 99 6 12 12:00 1:00
8928 7 99 6 12 13:00 0:30
172589 7 99 6 12 13:30 2:00
1251 7 99 6 12 15:30 0:30
2980 7 99 6 12 16:00 0:30
5299 7 99 6 12 16:30 0:30
30560 7 99 6 12 17:00 1:00
7724 7 99 6 12 18:00 0:30
42305 7 99 6 12 18:30 1:00
2928 7 99 6 12 19:30 1:00
7915386 7 99 6 12 20:25 0:05
95667454 7 99 6 12 20:30 2:45
8394096 7 99 6 12 23:15 2:15
4133771 7 99 6 13 1:30 0:30
4591503 7 99 6 13 2:00 0:30
5852435 7 99 6 13 2:30 0:55
38136329 7 99 6 13 2:30 2:30
31735077 7 99 6 13 3:25 1:35
2667394 7 99 6 13 5:00 1:00
391947 9 99 6 12 6:00 0:30
376638 9 99 6 12 6:30 0:30
377367 9 99 6 12 7:00 0:30
370454 9 99 6 12 7:30 0:30
285947 9 99 6 12 8:00 1:00
748831 9 99 6 12 9:00 0:30
758218 9 99 6 12 9:30 0:30
759947 9 99 6 12 10:00 0:30
734638 9 99 6 12 10:30 0:30
632831 9 99 6 12 11:00 1:00
643947 9 99 6 12 12:00 1:00
629367 9 99 6 12 13:00 1:00
279367 9 99 6 12 14:00 2:00
104473 9 99 6 12 16:00 0:30
563102 9 99 6 12 16:30 0:30
409657 9 99 6 12 17:00 1:00
1873305 9 99 6 12 17:55 0:05
575947 9 99 6 12 18:00 0:30
654034 9 99 6 12 18:30 2:00
498299 9 99 6 12 20:30 0:30
912454 9 99 6 12 21:00 1:00
2885909 9 99 6 12 22:00 1:15
6222473 9 99 6 12 23:15 0:05
2709102 9 99 6 12 23:20 0:30
4896857 9 99 6 12 23:50 3:40
8479023 9 99 6 13 3:30 1:00
1690329 9 99 6 13 4:30 0:30
1691058 9 99 6 13 5:00 0:30
1694145 9 99 6 13 5:30 0:30
399589 10 99 6 12 6:00 0:30
367980 10 99 6 12 6:30 0:30
375909 10 99 6 12 7:00 0:30
378096 10 99 6 12 7:30 0:30
379725 10 99 6 12 8:00 0:30
745744 10 99 6 12 8:30 0:30
5453763 10 99 6 12 9:00 2:30
736096 10 99 6 12 11:30 0:30
815183 10 99 6 12 12:00 2:00
621725 10 99 6 12 14:00 1:00
304283 10 99 6 12 15:00 1:00
209819 10 99 6 12 16:00 1:00
562473 10 99 6 12 17:00 0:30
565560 10 99 6 12 17:30 0:30
573589 10 99 6 12 18:00 0:30
541980 10 99 6 12 18:30 0:30
491386 10 99 6 12 19:00 0:30
388473 10 99 6 12 19:30 1:00
5942589 10 99 6 12 20:30 2:15
1503164 10 99 6 12 22:45 1:00
7461367 10 99 6 12 23:45 0:30
717787 10 99 6 13 0:15 0:30
1378619 10 99 6 13 0:45 1:15
8578348 10 99 6 13 2:00 1:00
8476936 10 99 6 13 3:00 1:00
1862400 10 99 6 13 4:00 0:30
1518771 10 99 6 13 4:30 0:30
8489400 10 99 6 13 5:00 1:00
1083096 28 99 6 12 6:00 0:20
80877473 28 99 6 12 6:20 0:35
18509947 28 99 6 12 6:55 0:35
4368638 28 99 6 12 7:30 0:30
11264373 28 99 6 12 8:00 1:00
2513299 28 99 6 12 9:00 0:30
7347218 28 99 6 12 9:30 0:45
19552812 28 99 6 12 10:15 0:45
2526763 28 99 6 12 11:00 0:30
2596522 28 99 6 12 11:30 0:30
2597251 28 99 6 12 12:00 0:30
9081580 28 99 6 12 12:30 1:40
75412102 28 99 6 12 14:10 0:50
2262367 28 99 6 12 15:00 0:30
5527676 28 99 6 12 15:30 1:00
5598164 28 99 6 12 16:30 1:00
5507812 28 99 6 12 17:30 1:00
6644676 28 99 6 12 18:30 0:30
2788183 28 99 6 12 19:00 0:30
4378015 28 99 6 12 19:30 1:00
2783638 28 99 6 12 20:30 0:30
2708947 28 99 6 12 21:00 0:30
8180251 28 99 6 12 21:30 1:55
7872589 28 99 6 12 23:25 1:00
14067400 28 99 6 13 0:25 1:35
7090665 28 99 6 13 5:00 1:00
60077 2 99 6 13 7:00 0:25
84304597 2 99 6 13 7:25 0:05
3691400 2 99 6 13 7:30 0:15
2065619 2 99 6 13 7:45 0:10
7019329 2 99 6 13 7:55 0:05
36042 2 99 6 13 8:00 0:25
7927394 2 99 6 13 8:25 0:05
9503 2 99 6 13 8:30 0:30
1972 2 99 6 13 9:00 0:30
99329 2 99 6 13 9:30 1:00
3139 2 99 6 13 10:30 0:30
4868 2 99 6 13 11:00 0:30
7955 2 99 6 13 11:30 0:30
67752 2 99 6 13 12:00 1:00
4880145 2 99 6 13 13:00 1:05
809936 2 99 6 13 14:05 0:55
59313 2 99 6 13 15:00 0:25
7659416 2 99 6 13 15:25 0:10
8159400 2 99 6 13 15:35 0:50
804077 2 99 6 13 16:25 0:35
34400 2 99 6 13 17:00 1:00
52684 2 99 6 13 18:00 0:50
3355706 2 99 6 13 18:50 0:10
232 2 99 6 13 19:00 0:30
41955 2 99 6 13 19:30 0:55
8004077 2 99 6 13 20:25 0:05
99918 2 99 6 13 20:30 0:50
4566110 2 99 6 13 21:20 0:50
3497058 2 99 6 13 22:10 0:40
768416 2 99 6 13 22:50 0:15
7585917 2 99 6 14 0:05 1:25
3073443 2 99 6 14 1:30 1:30
9415559 2 99 6 14 3:00 0:15
9099838 2 99 6 14 3:15 0:15
3109269 2 99 6 14 3:30 0:30
6555714 2 99 6 14 4:00 1:00
6718559 2 99 6 14 5:00 0:30
6711646 2 99 6 14 5:30 0:30
3619 7 99 6 13 6:00 0:30
8110 7 99 6 13 6:30 0:30
6139 7 99 6 13 7:00 0:30
9226 7 99 6 13 7:30 0:30
79023 7 99 6 13 8:00 1:00
5082955 7 99 6 13 9:00 3:00
39435 7 99 6 13 11:00 1:00
717232 7 99 6 13 12:00 2:00
59015077 7 99 6 13 14:00 3:00
23941 7 99 6 13 17:00 1:00
8459 7 99 6 13 18:00 0:30
8348 7 99 6 13 18:30 0:30
2955 7 99 6 13 19:00 0:30
1226 7 99 6 13 19:30 0:30
8139 7 99 6 13 20:00 0:30
4622690 7 99 6 13 20:30 2:15
6150435 7 99 6 13 22:45 1:50
9605153 7 99 6 14 0:35 1:05
6940559 7 99 6 14 1:40 1:00
2176578 7 99 6 14 1:40 0:30
6005153 7 99 6 14 2:10 0:20
38023801 7 99 6 14 2:30 0:10
1497462 7 99 6 14 2:40 1:00
8309375 7 99 6 14 3:40 1:00
4853714 7 99 6 14 4:40 1:20
939787 9 99 6 13 6:00 0:30
947706 9 99 6 13 6:30 0:30
948435 9 99 6 13 7:00 0:30
845394 9 99 6 13 7:30 0:30
743597 9 99 6 13 8:00 1:00
1701464 9 99 6 13 9:00 2:00
2552665 9 99 6 13 11:00 1:15
1989684 9 99 6 13 12:15 1:00
4239077 9 99 6 13 13:15 1:45
5234139 9 99 6 13 13:15 0:45
81390969 9 99 6 13 14:00 3:00
234510 9 99 6 13 15:00 2:00
658435 9 99 6 13 17:00 1:00
508987 9 99 6 13 18:00 0:30
557752 9 99 6 13 18:30 1:00
43074961 9 99 6 13 19:30 3:45
6299145 9 99 6 13 23:15 0:05
2776874 9 99 6 13 23:20 0:30
17217969 9 99 6 13 23:50 3:40
1830801 9 99 6 14 3:30 0:30
3729917 9 99 6 14 4:00 2:00
937329 10 99 6 13 6:00 0:30
945348 10 99 6 13 6:30 0:30
5848936 10 99 6 13 7:00 1:30
946077 10 99 6 13 7:00 0:30
843936 10 99 6 13 7:30 0:30
844665 10 99 6 13 8:00 0:30
5427348 10 99 6 13 8:30 2:30
304077 10 99 6 13 11:00 0:30
201936 10 99 6 13 11:30 0:30
202665 10 99 6 13 12:00 0:30
100868 10 99 6 13 12:30 1:00
672400 10 99 6 13 13:30 0:30
285503 10 99 6 13 14:00 1:00
855892 10 99 6 13 15:00 2:00
403333 10 99 6 13 17:00 0:30
253810 10 99 6 13 17:30 0:30
308969 10 99 6 13 18:00 0:30
112058 10 99 6 13 18:30 0:30
959936 10 99 6 13 19:00 0:30
853313 10 99 6 13 19:30 1:00
170232 10 99 6 13 20:30 2:00
967955 10 99 6 13 22:30 0:30
117503 10 99 6 13 23:00 0:30
400619 10 99 6 13 23:30 2:00
1858207 10 99 6 14 1:30 0:30
8465820 10 99 6 14 2:00 1:00
8443608 10 99 6 14 3:00 1:00
1839172 10 99 6 14 4:00 0:30
1585443 10 99 6 14 4:30 0:30
1586172 10 99 6 14 5:00 0:30
1596559 10 99 6 14 5:30 0:30
4349503 28 99 6 13 6:00 0:30
4251394 28 99 6 13 6:30 0:30
4252023 28 99 6 13 7:00 0:30
4255110 28 99 6 13 7:30 0:30
4263139 28 99 6 13 8:00 0:30
63314139 28 99 6 13 8:30 0:25
32361597 28 99 6 13 8:55 0:35
2583058 28 99 6 13 9:30 0:30
2584787 28 99 6 13 10:00 0:30
1001110 28 99 6 13 10:30 1:00
4021619 28 99 6 13 11:30 1:00
4420077 28 99 6 13 12:30 2:00
4932771 28 99 6 13 14:30 1:00
5594348 28 99 6 13 15:30 1:00
5492936 28 99 6 13 16:30 1:00
6522400 28 99 6 13 17:30 0:30
6603329 28 99 6 13 18:00 0:30
6611348 28 99 6 13 18:30 0:30
2682955 28 99 6 13 19:00 0:30
2681226 28 99 6 13 19:30 0:30
2688139 28 99 6 13 20:00 0:30
9445936 28 99 6 13 20:30 1:00
8299936 28 99 6 13 21:30 0:55
42978874 28 99 6 13 22:25 1:45
39666733 28 99 6 14 0:10 0:55
1936714 28 99 6 14 5:00 0:30
1939801 28 99 6 14 5:30 0:30
7795 2 99 6 14 6:00 0:30
5714 2 99 6 14 6:30 0:30
6443 2 99 6 14 7:00 0:30
3835337 2 99 6 14 7:35 0:25
10608 2 99 6 14 8:00 0:10
8941375 2 99 6 14 8:10 0:15
7994066 2 99 6 14 8:25 0:05
3146462 2 99 6 14 8:30 0:55
7481172 2 99 6 14 9:25 0:05
2646 2 99 6 14 9:30 0:30
42269 2 99 6 14 10:00 0:25
4735153 2 99 6 14 10:25 0:05
7009559 2 99 6 14 10:30 0:25
4758004 2 99 6 14 10:55 0:05
56462 2 99 6 14 11:00 0:25
4053337 2 99 6 14 11:25 0:05
2045207 2 99 6 14 11:30 0:25
5689375 2 99 6 14 11:55 0:05
3511 2 99 6 14 12:00 0:30
1578 2 99 6 14 12:30 0:30
39559 2 99 6 14 13:00 1:00
33375 2 99 6 14 14:00 1:00
11612 2 99 6 14 15:00 0:25
7527608 2 99 6 14 15:25 0:05
5530 2 99 6 14 15:30 0:30
74288 2 99 6 14 16:00 0:25
6806153 2 99 6 14 16:25 0:05
13153 2 99 6 14 16:30 0:25
3870559 2 99 6 14 16:55 0:05
76443 2 99 6 14 17:00 0:25
3851424 2 99 6 14 17:25 0:05
66066 2 99 6 14 17:30 0:25
7127511 2 99 6 14 17:55 0:05
1795 2 99 6 14 18:00 0:30
9714 2 99 6 14 16:30 0:30
207 2 99 6 14 19:00 0:30
578 2 99 6 14 19:30 0:30
191 2 99 6 14 20:00 0:30
91578 2 99 6 14 20:30 0:45
3942240 2 99 6 14 21:15 0:15
26288 2 99 6 14 21:30 0:55
1389117 2 99 6 14 22:25 0:05
75153 2 99 6 14 22:30 0:45
7053733 2 99 6 14 23:15 0:25
7967608 2 99 6 14 23:40 1:05
2401196 2 99 6 15 0:45 1:30
4975641 2 99 6 15 2:15 0:45
3166554 2 99 6 15 3:00 0:30
3169641 2 99 6 15 3:30 0:30
3160370 2 99 6 15 4:00 0:30
6777202 2 99 6 15 4:30 0:30
6778931 2 99 6 15 5:00 0:30
6788318 2 99 6 15 5:30 0:30
61608 7 99 6 14 6:00 1:00
6714 7 99 6 14 7:00 0:30
9801 7 99 6 14 7:30 0:30
4630 7 99 6 14 8:00 0:30
3849 7 99 6 14 8:30 0:30
4578 7 99 6 14 9:00 0:30
4337 7 99 6 14 9:30 0:30
29608 7 99 6 14 10:00 1:00
5066 7 99 6 14 10:00 0:30
3085 7 99 6 14 10:30 0:30
89066 7 99 6 14 11:00 1:00
14158761 7 99 6 14 12:00 3:30
634511 7 99 6 14 15:30 2:00
3527 7 99 6 14 17:30 0:30
1066 7 99 6 14 18:00 0:30
9085 7 99 6 14 18:30 0:30
2530 7 99 6 14 19:00 0:30
6578 7 99 6 14 19:30 1:00
47545 7 99 6 14 20:30 1:00
35207 7 99 6 14 21:30 1:00
26559 7 99 6 14 22:30 1:00
30191 7 99 6 14 23:30 0:25
7826725 7 99 6 14 23:55 0:35
4450202 7 99 6 15 0:30 0:30
2181028 7 99 6 15 1:00 2:00
8844467 7 99 6 15 1:00 1:30
38090573 7 99 6 15 2:30 0:30
3726776 7 99 6 15 3:00 0:55
3477399 7 99 6 15 3:55 0:45
1663825 7 99 6 15 4:40 0:30
2749202 7 99 6 15 5:10 0:25
2730554 7 99 6 15 5:35 0:25
952849 9 99 6 14 6:00 1:00
5101220 9 99 6 14 7:00 2:00
860269 9 99 6 14 9:00 0:30
300462 9 99 6 14 9:30 1:00
863356 9 99 6 14 9:30 0:30
864085 9 99 6 14 10:00 0:30
872004 9 99 6 14 10:30 0:30
873733 9 99 6 14 11:00 0:30
876820 9 99 6 14 11:30 0:30
765375 9 99 6 14 12:00 1:00
741795 9 99 6 14 13:00 1:00
745511 9 99 6 14 14:00 1:00
231733 9 99 6 14 15:00 0:30
234820 9 99 6 14 15:30 0:30
242849 9 99 6 14 16:00 0:30
678240 9 99 6 14 16:30 0:30
686269 9 99 6 14 17:00 0:30
689356 9 99 6 14 17:30 0:30
680085 9 99 6 14 18:00 0:30
698004 9 99 6 14 18:30 0:30
524820 9 99 6 14 19:00 0:30
5064462 9 99 6 14 19:25 0:05
523191 9 99 6 14 19:30 0:30
520004 9 99 6 14 20:00 0:30
529375 9 99 6 14 20:30 0:30
511356 9 99 6 14 21:00 0:30
938269 9 99 6 14 21:30 1:30
600849 9 99 6 14 23:00 0:30
322789 9 99 6 14 23:30 1:00
1816221 9 99 6 15 0:30 0:30
8478641 9 99 6 15 1:00 1:45
2772844 9 99 6 15 2:45 1:00
8309689 9 99 6 15 3:45 0:55
9812115 9 99 6 15 4:40 0:20
8425202 9 99 6 15 5:00 1:00
404627 10 99 6 14 6:00 0:30
412646 10 99 6 14 6:30 0:30
5815608 10 99 6 14 7:00 1:30
850882 10 99 6 14 8:30 0:30
5324207 10 99 6 14 9:00 2:30
874462 10 99 6 14 11:30 0:30
763917 10 99 6 14 12:00 1:00
219511 10 99 6 14 13:00 0:30
740066 10 99 6 14 13:30 1:00
744882 10 99 6 14 14:30 1:00
232462 10 99 6 14 15:30 0:30
233191 10 99 6 14 16:00 0:30
676882 10 99 6 14 16:30 0:30
123375 10 99 6 14 17:00 1:00
688627 10 99 6 14 18:00 0:30
696646 10 99 6 14 18:30 0:30
522462 10 99 6 14 19:00 0:30
493511 10 99 6 14 19:30 1:00
922563 10 99 6 14 20:30 1:00
522527 10 99 6 14 21:30 1:00
507153 10 99 6 14 22:30 0:30
691191 10 99 6 14 23:00 0:30
690462 10 99 6 14 23:30 0:30
317399 10 99 6 15 0:00 2:00
8432592 10 99 6 15 2:00 1:00
8403080 10 99 6 15 3:00 1:00
1806844 10 99 6 15 4:00 0:30
1552115 10 99 6 15 4:30 0:30
1553844 10 99 6 15 5:00 0:30
1556931 10 99 6 15 5:30 0:30
1947240 28 99 6 14 6:00 0:20
80748917 28 99 6 14 6:20 0:35
18463191 28 99 6 14 6:55 0:35
4222882 28 99 6 14 7:30 0:30
1097917 28 99 6 14 8:00 1:00
2477443 28 99 6 14 9:00 0:30
7201462 28 99 6 14 9:30 0:45
19423356 28 99 6 14 10:15 0:45
2497207 28 99 6 14 11:00 0:30
2467066 28 99 6 14 11:30 0:30
2468795 28 99 6 14 12:00 0:30
93217153 28 99 6 14 12:30 2:45
27723086 28 99 6 14 15:15 0:15
2136998 28 99 6 14 15:30 0:30
2137627 28 99 6 14 16:00 0:30
6595356 28 99 6 14 16:30 0:30
1966375 28 99 6 14 17:00 0:50
63630849 28 99 6 14 17:50 0:10
6590801 28 99 6 14 18:00 0:30
6508820 28 99 6 14 18:30 0:30
2659627 28 99 6 14 19:00 0:30
4249559 28 99 6 14 19:30 1:00
9412608 28 99 6 14 20:30 1:00
2661462 28 99 6 14 21:30 0:30
9453998 28 99 6 14 22:00 1:30
1702578 28 99 6 14 23:30 1:55
1903486 28 99 6 15 5:00 0:30
1906573 28 99 6 15 5:30 0:30
4660 2 99 6 15 6:00 0:30
9979 2 99 6 15 6:30 0:30
4680 2 99 6 15 7:00 0:30
3802009 2 99 6 15 7:35 0:25
82405 2 99 6 15 8:00 0:10
8918047 2 99 6 15 8:10 0:15
7961738 2 99 6 15 8:25 0:05
3113134 2 99 6 15 8:30 0:55
7458844 2 99 6 15 9:25 0:05
4641 2 99 6 15 9:30 0:30
87912 2 99 6 15 10:00 0:15
5250432 2 99 6 15 10:15 0:15
7065115 2 99 6 15 10:30 0:15
4672863 2 99 6 15 10:45 0:15
1318 2 99 6 15 11:00 0:30
4405 2 99 6 15 11:30 0:30
5134 2 99 6 15 12:00 0:30
5115 2 99 6 15 12:30 0:30
21931 2 99 6 15 13:00 0:45
2761912 2 99 6 15 13:45 0:15
89134 2 99 6 15 14:00 1:00
42283 2 99 6 15 15:00 0:25
7587080 2 99 6 15 15:25 0:05
6467 2 99 6 15 15:30 0:30
85739 2 99 6 15 16:00 0:25
6873825 2 99 6 15 16:25 0:05
76202 2 99 6 15 16:30 0:25
3830931 2 99 6 15 16:55 0:05
20888 2 99 6 15 17:00 0:25
3828196 2 99 6 15 17:25 0:05
25979 2 99 6 15 17:30 0:25
7194283 2 99 6 15 17:55 0:05
1370 2 99 6 15 18:00 0:30
6689 2 99 6 15 18:30 0:30
554 2 99 6 15 19:00 0:30
825 2 99 6 15 19:30 0:30
738 2 99 6 15 20:00 0:30
98783 2 99 6 15 20:30 1:00
63399 2 99 6 15 21:30 0:55
5684329 2 99 6 15 22:25 0:05
34486 2 99 6 15 22:30 0:35
6904134 2 99 6 15 23:05 0:55
7993 2 99 6 16 0:00 0:30
1425061 2 99 6 16 0:30 1:35
1439351 2 99 6 16 2:05 0:55
3060326 2 99 6 16 3:00 0:30
3063413 2 99 6 16 3:30 0:30
3064142 2 99 6 16 4:00 0:30
6744974 2 99 6 16 4:30 0:30
6745603 2 99 6 16 5:00 0:30
6748790 2 99 6 16 5:30 0:30
33405 7 99 6 15 6:00 1:00
5509 7 99 6 15 7:00 0:30
3958 7 99 6 15 7:30 0:30
1467 7 99 6 15 8:00 0:30
8216 7 99 6 15 8:30 0:30
97689 7 99 6 15 9:00 1:00
91405 7 99 6 15 10:00 1:00
5641 7 99 6 15 10:00 0:30
3660 7 99 6 15 10:30 0:30
35825 7 99 6 15 11:00 1:00
815080 7 99 6 15 12:00 2:00
59405 7 99 6 15 14:00 1:00
2399 7 99 6 15 15:00 0:30
5486 7 99 6 15 15:30 0:30
6115 7 99 6 15 16:00 0:30
6196 7 99 6 15 16:30 0:30
7825 7 99 6 15 17:00 0:30
4252 7 99 6 15 17:30 0:30
1641 7 99 6 15 18:00 0:30
9660 7 99 6 15 18:30 0:30
2115 7 99 6 15 19:00 0:30
1486 7 99 6 15 19:30 0:30
8399 7 99 6 15 20:00 0:30
7846202 7 99 6 15 20:25 0:05
69844 7 99 6 15 20:30 1:00
65028 7 99 6 15 21:30 1:00
49080 7 99 6 15 22:30 1:00
59486 7 99 6 15 23:30 0:25
2716931 7 99 6 15 23:55 1:05
2078500 7 99 6 16 1:00 2:00
8748239 7 99 6 16 1:00 1:30
38067245 7 99 6 16 2:30 0:30
3793448 7 99 6 16 3:00 0:55
3364871 7 99 6 16 3:55 0:45
1567697 7 99 6 16 4:40 0:30
2716974 7 99 6 16 5:10 0:25
2634326 7 99 6 16 5:35 0:25
576009 9 99 6 15 6:00 1:00
9406432 9 99 6 15 7:00 2:00
424047 9 99 6 15 9:00 0:30
940660 9 99 6 15 9:30 1:00
427134 9 99 6 15 9:30 0:30
428863 9 99 6 15 10:00 0:30
403554 9 99 6 15 10:30 0:30
404283 9 99 6 15 11:00 0:30
407370 9 99 6 15 11:30 0:30
305573 9 99 6 15 12:00 1:00
314221 9 99 6 15 13:00 1:00
392009 9 99 6 15 14:00 1:00
862283 9 99 6 15 15:00 0:30
865370 9 99 6 15 15:30 0:30
873399 9 99 6 15 16:00 0:30
249318 9 99 6 15 16:30 0:30
240047 9 99 6 15 17:00 0:30
243134 9 99 6 15 17:30 0:30
244863 9 99 6 15 18:00 0:30
229554 9 99 6 15 18:30 0:30
155370 9 99 6 15 19:00 0:30
5031134 9 99 6 15 19:25 0:05
154641 9 99 6 15 19:30 0:30
151554 9 99 6 15 20:00 0:30
699399 9 99 6 15 20:30 1:00
688283 9 99 6 15 21:30 1:00
170689 9 99 6 15 22:30 0:30
601134 9 99 6 15 23:00 1:00
165968 9 99 6 16 0:00 1:00
1884622 9 99 6 16 1:00 0:30
2165142 9 99 6 16 1:30 1:45
2657581 9 99 6 16 3:15 1:00
1397429 9 99 6 16 4:15 0:30
6151887 9 99 6 16 4:45 0:15
8492974 9 99 6 16 5:00 1:00
746365 10 99 6 15 6:00 0:30
891414 10 99 6 15 6:30 0:30
5875080 10 99 6 15 7:00 1:30
414660 10 99 6 15 8:30 0:30
5391979 10 99 6 15 9:00 2:30
405912 10 99 6 15 11:30 0:30
303115 10 99 6 15 12:00 1:00
880689 10 99 6 15 13:00 0:30
313592 10 99 6 15 13:30 1:00
384080 10 99 6 15 14:30 1:00
863912 10 99 6 15 15:30 0:30
864641 10 99 6 15 16:00 0:30
230660 10 99 6 15 16:30 0:30
763573 10 99 6 15 17:00 1:00
242405 10 99 6 15 18:00 0:30
227196 10 99 6 15 18:30 0:30
153912 10 99 6 15 19:00 0:30
346329 10 99 6 15 19:30 1:00
680641 10 99 6 15 20:30 1:00
686825 10 99 6 15 21:30 1:00
161931 10 99 6 15 22:30 0:30
222641 10 99 6 15 23:00 0:30
221912 10 99 6 15 23:30 0:30
971177 10 99 6 16 0:00 2:00
8409264 10 99 6 16 2:00 1:00
8307852 10 99 6 16 3:00 1:00
1873516 10 99 6 16 4:00 0:30
1529887 10 99 6 16 4:30 0:30
1520516 10 99 6 16 5:00 0:30
1523603 10 99 6 16 5:30 0:30
1914912 28 99 6 15 6:00 0:20
80715689 28 99 6 15 6:20 0:35
18430863 28 99 6 15 6:55 0:35
4299554 28 99 6 15 7:30 0:30
1064689 28 99 6 15 8:00 1:00
2444115 28 99 6 15 9:00 0:30
7278134 28 99 6 15 9:30 0:45
19490028 28 99 6 15 10:15 0:45
2464979 28 99 6 15 11:00 0:30
2434738 28 99 6 15 11:30 0:30
2435467 28 99 6 15 12:00 0:30
2941221 28 99 6 15 12:30 0:55
2674009 28 99 6 15 13:25 0:30
9031979 28 99 6 15 13:55 0:30
3008405 28 99 6 15 14:25 0:35
2193283 28 99 6 15 15:00 0:30
2196370 28 99 6 15 15:30 0:30
2104399 28 99 6 15 16:00 0:30
6562028 28 99 6 15 16:30 0:30
5444399 28 99 6 15 17:00 1:00
6567573 28 99 6 15 18:00 0:30
6575592 28 99 6 15 18:30 0:30
2626399 28 99 6 15 19:00 0:30
2618370 28 99 6 15 19:30 0:30
2615283 28 99 6 15 20:00 0:30
7443283 28 99 6 15 20:30 0:45
61463080 28 99 6 15 21:15 0:15
2638134 28 99 6 15 21:30 0:30
9989689 28 99 6 15 22:00 1:35
7694573 28 99 6 15 23:35 0:55
1764351 28 99 6 16 0:30 1:30
1970158 28 99 6 16 5:00 0:30
1973245 28 99 6 16 5:30 0:30
4245 2 99 6 16 6:00 0:30
2264 2 99 6 16 6:30 0:30
25790 2 99 6 16 7:00 0:15
5201245 2 99 6 16 7:15 0:15
3799581 2 99 6 16 7:35 0:25
49326 2 99 6 16 8:00 0:10
8985719 2 99 6 16 8:10 0:15
7858210 2 99 6 16 8:25 0:05
3180806 2 99 6 16 8:30 0:55
7425516 2 99 6 16 9:25 0:05
1516 2 99 6 16 9:30 0:30
40061 2 99 6 16 10:00 0:15
9555644 2 99 6 16 10:15 0:15
8644 2 99 6 16 10:30 0:30
52806 2 99 6 16 11:00 0:05
8623210 2 99 6 16 11:05 0:25
8852 2 99 6 16 11:30 0:30
9581 2 99 6 16 12:00 0:30
2852 2 99 6 16 12:30 0:30
22429 2 99 6 16 13:00 1:00
26245 2 99 6 16 14:00 1:00
18852 2 99 6 16 15:00 0:25
7481852 2 99 6 16 15:25 0:05
9332 2 99 6 16 15:30 0:30
87968 2 99 6 16 16:00 0:25
6777697 2 99 6 16 16:25 0:05
39351 2 99 6 16 16:30 0:25
3807603 2 99 6 16 16:55 0:05
58887 2 99 6 16 17:00 0:25
3722968 2 99 6 16 17:25 0:05
68210 2 99 6 16 17:30 0:25
7098055 2 99 6 16 17:55 0:05
8245 2 99 6 16 18:00 0:30
6264 2 99 6 16 18:30 0:30
429 2 99 6 16 19:00 0:30
500 2 99 6 16 19:30 0:30
413 2 99 6 16 20:00 0:30
87581 2 99 6 16 20:30 0:40
192852 2 99 6 16 21:10 0:30
708806 2 99 6 16 21:40 0:20
177 2 99 6 16 22:00 0:30
19968 2 99 6 16 22:30 0:05
8951993 2 99 6 16 22:35 0:35
2190974 2 99 6 16 23:10 1:40
6894340 2 99 6 17 0:50 0:30
92499036 2 99 6 17 1:20 1:40
3037098 2 99 6 17 3:00 0:30
3030185 2 99 6 17 3:30 0:30
3031814 2 99 6 17 4:00 0:30
6648746 2 99 6 17 4:30 0:30
6649475 2 99 6 17 5:00 0:30
6642562 2 99 6 17 5:30 0:30
90326 7 99 6 16 6:00 1:00
3264 7 99 6 16 7:00 0:30
6351 7 99 6 16 7:30 0:30
1852 7 99 6 16 8:00 0:30
7871 7 99 6 16 8:30 0:30
47210 7 99 6 16 9:00 1:00
58326 7 99 6 16 10:00 1:00
2516 7 99 6 16 10:00 0:30
9185 7 99 6 16 10:30 0:30
98974 7 99 6 16 11:00 1:00
486158 7 99 6 16 12:00 2:00
16326 7 99 6 16 14:00 1:00
9264 7 99 6 16 15:00 0:30
2351 7 99 6 16 15:30 0:30
7852 7 99 6 16 16:00 0:30
3871 7 99 6 16 16:30 0:30
4500 7 99 6 16 17:00 0:30
7887 7 99 6 16 17:30 0:30
8516 7 99 6 16 18:00 0:30
6535 7 99 6 16 18:30 0:30
3852 7 99 6 16 19:00 0:30
5500 7 99 6 16 19:30 1:00
22993 7 99 6 16 20:30 1:00
28177 7 99 6 16 21:30 1:00
19429 7 99 6 16 22:30 1:00
5121 7 99 6 16 23:30 0:30
18104 7 99 6 17 0:00 0:35
8184659 7 99 6 17 0:35 2:00
1287369 7 99 6 17 0:35 0:25
8708611 7 99 6 17 1:00 1:30
38961017 7 99 6 17 2:30 0:05
1176272 7 99 6 17 2:35 0:55
3677456 7 99 6 17 3:30 0:50
5920727 7 99 6 17 4:20 0:25
5314901 7 99 6 17 4:45 0:25
2610746 7 99 6 17 5:10 0:25
2601098 7 99 6 17 5:35 0:25
130887 9 99 6 16 6:00 1:00
3701644 9 99 6 16 7:00 2:00
760185 9 99 6 16 9:00 0:30
415500 9 99 6 16 9:30 1:00
510662 9 99 6 16 9:30 0:30
160121 9 99 6 16 10:00 0:30
987142 9 99 6 16 10:30 0:30
988871 9 99 6 16 11:00 0:30
415018 9 99 6 16 11:30 0:30
870413 9 99 6 16 12:00 1:00
952061 9 99 6 16 13:00 1:00
963177 9 99 6 16 14:00 1:00
346871 9 99 6 16 15:00 0:30
429158 9 99 6 16 15:30 0:30
420887 9 99 6 16 16:00 0:30
896806 9 99 6 16 16:30 0:30
897535 9 99 6 16 17:00 0:30
890622 9 99 6 16 17:30 0:30
891351 9 99 6 16 18:00 0:30
703142 9 99 6 16 18:30 0:30
726448 9 99 6 16 19:00 0:30
5008806 9 99 6 16 19:25 0:05
725719 9 99 6 16 19:30 0:30
715332 9 99 6 16 20:00 0:30
187516 9 99 6 16 20:30 0:40
222448 9 99 6 16 21:10 0:30
9676055 9 99 6 16 21:40 1:00
2526871 9 99 6 16 22:40 0:30
20765852 9 99 6 16 23:10 4:20
8377611 9 99 6 17 3:30 1:00
1425017 9 99 6 17 4:30 0:30
8396746 9 99 6 17 5:00 1:00
615993 10 99 6 16 6:00 0:30
527784 10 99 6 16 6:30 0:30
5779852 10 99 6 16 7:00 1:30
910608 10 99 6 16 8:30 0:30
5351351 10 99 6 16 9:00 2:30
989500 10 99 6 16 11:30 0:30
878055 10 99 6 16 12:00 1:00
437177 10 99 6 16 13:00 0:30
951332 10 99 6 16 13:30 1:00
962448 10 99 6 16 14:30 1:00
347500 10 99 6 16 15:30 0:30
428429 10 99 6 16 16:00 0:30
894448 10 99 6 16 16:30 0:30
238413 10 99 6 16 17:00 1:00
899993 10 99 6 16 18:00 0:30
701784 10 99 6 16 18:30 0:30
717790 10 99 6 16 19:00 0:30
716061 10 99 6 16 19:30 0:30
713974 10 99 6 16 20:00 0:30
251719 10 99 6 16 20:30 1:00
6154528 10 99 6 16 21:30 1:15
2523784 10 99 6 16 22:45 0:30
2606061 10 99 6 16 23:15 0:30
7296055 10 99 6 16 23:45 0:30
8714036 10 99 6 17 0:15 1:00
9997663 10 99 6 17 1:15 1:00
5609814 10 99 6 17 2:15 1:00
6116524 10 99 6 17 3:15 0:30
9573272 10 99 6 17 3:45 0:14
1777388 10 99 6 17 4:00 0:30
1423659 10 99 6 17 4:30 0:30
1424388 10 99 6 17 5:00 0:30
1427475 10 99 6 17 5:30 0:30
1818784 28 99 6 16 6:00 0:20
80775061 28 99 6 16 6:20 0:35
18407535 28 99 6 16 6:55 0:35
4193326 28 99 6 16 7:30 0:30
1024061 28 99 6 16 8:00 1:00
2411887 28 99 6 16 9:00 0:30
7245806 28 99 6 16 9:30 0:45
19387500 28 99 6 16 10:15 0:45
2424351 28 99 6 16 11:00 0:30
2321210 28 99 6 16 11:30 0:30
2339239 28 99 6 16 12:00 0:30
5289528 28 99 6 16 12:30 1:40
75310790 28 99 6 16 14:10 0:50
2097055 28 99 6 16 15:00 0:30
2090142 28 99 6 16 15:30 0:30
2091871 28 99 6 16 16:00 0:30
6459500 28 99 6 16 16:30 0:30
5331871 28 99 6 16 17:00 1:00
6534245 28 99 6 16 18:00 0:30
6542264 28 99 6 16 18:30 0:30
2513871 28 99 6 16 19:00 0:30
2512142 28 99 6 16 19:30 0:30
2519055 28 99 6 16 20:00 0:30
9376852 28 99 6 16 20:30 1:00
2605806 28 99 6 16 21:30 0:30
9950177 28 99 6 16 22:00 1:45
69996516 28 99 6 16 23:45 0:40
14973017 28 99 6 17 0:25 1:40
1867630 28 99 6 17 5:00 0:30
1877017 28 99 6 17 5:30 0:30
4272 2 99 6 17 6:00 0:30
2291 2 99 6 17 6:30 0:30
3920 2 99 6 17 7:00 0:30
3766253 2 99 6 17 7:35 0:25
96825 2 99 6 17 8:00 0:10
8872291 2 99 6 17 8:10 0:15
7825982 2 99 6 17 8:25 0:05
3084678 2 99 6 17 8:30 0:55
7329388 2 99 6 17 9:25 0:05
2253 2 99 6 17 9:30 0:30
23920 2 99 6 17 10:00 0:15
8804956 2 99 6 17 10:15 0:15
7936659 2 99 6 17 10:30 0:15
4543307 2 99 6 17 10:45 0:15
9608524 2 99 6 17 11:00 0:40
7204098 2 99 6 17 11:40 0:20
3746 2 99 6 17 12:00 0:30
2475 2 99 6 17 12:30 0:30
98098 2 99 6 17 13:00 1:00
92814 2 99 6 17 14:00 1:00
88291 2 99 6 17 15:00 0:25
7458524 2 99 6 17 15:25 0:05
3727 2 99 6 17 15:30 0:30
40017 2 99 6 17 16:00 0:25
6744369 2 99 6 17 16:25 0:05
89982 2 99 6 17 16:30 0:25
3701475 2 99 6 17 16:55 0:05
48036 2 99 6 17 17:00 0:25
3782340 2 99 6 17 17:25 0:05
38659 2 99 6 17 17:30 0:25
7065727 2 99 6 17 17:55 0:05
5920 2 99 6 17 18:00 0:30
4681 2 99 6 17 18:30 0:30
104 2 99 6 17 19:00 0:30
475 2 99 6 17 19:30 0:30
388 2 99 6 17 20:00 0:30
659 2 99 6 17 20:30 0:30
340 2 99 6 17 21:00 0:30
22017 2 99 6 17 21:30 1:00
89307 2 99 6 17 22:30 0:05
8855765 2 99 6 17 22:35 0:35
2822340 2 99 6 17 23:10 0:30
6720727 2 99 6 17 23:40 0:30
8383942 2 99 6 18 0:10 1:50
6473166 2 99 6 18 2:00 1:00
3097470 2 99 6 18 3:00 0:30
3007857 2 99 6 18 3:30 0:30
3008586 2 99 6 18 4:00 0:30
1114771 2 99 6 18 4:30 0:15
2391055 2 99 6 18 4:45 0:15
6616147 2 99 6 18 5:00 0:30
6619234 2 99 6 18 5:30 0:30
53475 7 99 6 17 6:00 1:00
7611 7 99 6 17 7:00 0:30
7098 7 99 6 17 7:30 0:30
8727 7 99 6 17 8:00 0:30
4746 7 99 6 17 8:30 0:30
30299 7 99 6 17 9:00 1:00
30235 7 99 6 17 10:00 1:00
9291 7 99 6 17 10:00 0:30
4982 7 99 6 17 10:30 0:30
64543 7 99 6 17 11:00 1:00
960746 7 99 6 17 12:00 2:00
88123 7 99 6 17 14:00 1:00
3611 7 99 6 17 15:00 0:30
3098 7 99 6 17 15:30 0:30
4727 7 99 6 17 16:00 0:30
5366 7 99 6 17 16:30 0:30
1475 7 99 6 17 17:00 0:30
4562 7 99 6 17 17:30 0:30
5291 7 99 6 17 18:00 0:30
5122 7 99 6 17 18:30 0:30
6765 7 99 6 17 19:00 0:30
5036 7 99 6 17 19:30 0:30
2949 7 99 6 17 20:00 0:30
7717746 7 99 6 17 20:25 0:05
3732456 7 99 6 17 20:30 1:10
2284017 7 99 6 17 21:40 2:05
4522940 7 99 6 17 23:45 0:30
3281789 7 99 6 18 0:15 1:05
8155147 7 99 6 18 1:20 2:00
2805645 7 99 6 18 1:20 1:10
38938789 7 99 6 18 2:30 0:50
1381857 7 99 6 18 3:20 1:00
5997499 7 99 6 18 4:20 0:25
5381673 7 99 6 18 4:45 0:25
2687418 7 99 6 18 5:10 0:25
2661470 7 99 6 18 5:35 0:25
614475 9 99 6 17 6:00 1:00
2050956 9 99 6 17 7:00 2:00
548833 9 99 6 17 9:00 0:30
316348 9 99 6 17 9:30 1:00
541920 9 99 6 17 9:30 0:30
559949 9 99 6 17 10:00 0:30
527340 9 99 6 17 10:30 0:30
535369 9 99 6 17 11:00 0:30
538456 9 99 6 17 11:30 0:30
410611 9 99 6 17 12:00 1:00
436659 9 99 6 17 13:00 1:00
430475 9 99 6 17 14:00 1:00
917949 9 99 6 17 15:00 0:30
910036 9 99 6 17 15:30 0:30
911765 9 99 6 17 16:00 0:30
370494 9 99 6 17 16:30 0:30
371123 9 99 6 17 17:00 0:30
341982 9 99 6 17 17:30 0:30
342611 9 99 6 17 18:00 0:30
350630 9 99 6 17 18:30 0:30
200036 9 99 6 17 19:00 0:30
5902678 9 99 6 17 19:25 0:05
180833 9 99 6 17 19:30 1:00
720475 9 99 6 17 20:30 1:00
623123 9 99 6 17 21:30 1:30
362475 9 99 6 17 23:00 0:30
62361630 9 99 6 17 23:30 4:00
8344383 9 99 6 18 3:30 1:00
1492789 9 99 6 18 4:30 0:30
3621321 9 99 6 18 5:00 1:00
182291 10 99 6 17 6:00 0:30
167982 10 99 6 17 6:30 0:30
5746524 10 99 6 17 7:00 1:30
545746 10 99 6 17 8:30 0:30
5255123 10 99 6 17 9:00 2:30
536098 10 99 6 17 11:30 0:30
418253 10 99 6 17 12:00 1:00
995727 10 99 6 17 13:00 0:30
428630 10 99 6 17 13:30 1:00
439746 10 99 6 17 14:30 1:00
918678 10 99 6 17 15:30 0:30
919307 10 99 6 17 16:00 0:30
378036 10 99 6 17 16:30 0:30
878611 10 99 6 17 17:00 1:00
340253 10 99 6 17 18:00 0:30
358272 10 99 6 17 18:30 0:30
208678 10 99 6 17 19:00 0:30
207949 10 99 6 17 19:30 0:30
297562 10 99 6 17 20:00 0:30
692253 10 99 6 17 20:30 1:30
284098 10 99 6 17 22:00 0:30
283369 10 99 6 17 22:30 0:30
360017 10 99 6 17 23:00 0:30
369388 10 99 6 17 23:30 0:30
204437 10 99 6 18 0:00 2:00
8370708 10 99 6 18 2:00 1:00
8341296 10 99 6 18 3:00 1:00
1737760 10 99 6 18 4:00 0:30
1483031 10 99 6 18 4:30 0:30
1484760 10 99 6 18 5:00 0:30
1494147 10 99 6 18 5:30 0:30
1885456 28 99 6 17 6:00 0:20
80679833 28 99 6 17 6:20 0:35
18301307 28 99 6 17 6:55 0:35
4160098 28 99 6 17 7:30 0:30
1928833 28 99 6 17 8:00 1:00
2315659 28 99 6 17 9:00 0:30
7149678 28 99 6 17 9:30 0:45
19354272 28 99 6 17 10:15 0:45
2328123 28 99 6 17 11:00 0:30
2398982 28 99 6 17 11:30 0:30
2399611 28 99 6 17 12:00 0:30
4850123 28 99 6 17 12:30 1:00
2813611 28 99 6 17 13:30 0:50
2842901 28 99 6 17 14:20 0:40
2064727 28 99 6 17 15:00 0:30
2067814 28 99 6 17 15:30 0:30
2068543 28 99 6 17 16:00 0:30
6426272 28 99 6 17 16:30 0:30 
5308543 28 99 6 17 17:00 1:00
6438017 28 99 6 17 18:00 0:30
6446036 28 99 6 17 18:30 0:30
2580543 28 99 6 17 19:00 0:30
4170475 28 99 6 17 19:30 1:00
9343524 28 99 6 17 20:30 1:00
2509678 28 99 6 17 21:30 0:30
16672814 28 99 6 17 22:00 2:05
85043499 28 99 6 18 0:05 1:55
66270627 28 99 6 18 2:00 1:45
1834302 28 99 6 18 5:00 0:30
1844789 28 99 6 18 5:30 0:30
8895 2 99 6 18 6:00 0:30
3586 2 99 6 18 6:30 0:30
4215 2 99 6 18 7:00 0:30
3733925 2 99 6 18 7:35 0.25
41944 2 99 6 18 8:00 0:10
8849963 2 99 6 18 8:10 0:15
7892654 2 99 6 18 8:25 0:05
3044050 2 99 6 18 8:30 0:55
7389760 2 99 6 18 9:25 0:05
5166 2 99 6 18 9:30 0:30
53741 2 99 6 18 10:00 0:15
8354944 2 99 6 18 10:15 0:10
7519712 2 99 6 18 10:25 0:15
8523166 2 99 6 18 10:40 0:20
74234 2 99 6 18 11:00 0:15
5512963 2 99 6 18 11:15 0:15
5302 2 99 6 18 11:30 0:30
6031 2 99 6 18 12:00 0:30
2050 2 99 6 18 12:30 0:30
51147 2 99 6 18 13:00 1:00
55963 2 99 6 18 14:00 1:00
34050 2 99 6 18 15:00 0:25
7425296 2 99 6 18 15:25 0:05
3302 2 99 6 18 15:30 0:30
96876 2 99 6 18 16:00 0:25
6704741 2 99 6 18 16:25 0:05
35741 2 99 6 18 16:30 0:25
3778147 2 99 6 18 16:55 0:05
94895 2 99 6 18 17:00 0:25
3759012 2 99 6 18 17:25 0:05
3578 2 99 6 18 17:30 0:30
1147 2 99 6 18 18:00 0:30
9166 2 99 6 18 18:30 0:30
609 2 99 6 18 19:00 0:30
550 2 99 6 18 19:30 0:30
963 2 99 6 18 20:00 0:30
14895 2 99 6 18 20:30 0:50
3308505 2 99 6 18 21:20 0:10
28012 2 99 6 18 21:30 0:35
3796166 2 99 6 18 22:05 0:05
6198988 2 99 6 18 22:10 1:15
6791215 2 99 6 18 23:25 0:30
98659925 2 99 6 18 23:55 9:05
68514 7 99 6 18 6:00 1:00
4586 7 99 6 18 7:00 0:30
7673 7 99 6 18 7:30 0:30
8302 7 99 6 18 8:00 0:30
4321 7 99 6 18 8:30 0:30
63418 7 99 6 18 9:00 1:00
67234 7 99 6 18 10:00 1:00
6166 7 99 6 18 10:00 0:30
1857 7 99 6 18 10:30 0:30
40614 7 99 6 18 11:00 1:00
517234 7 99 6 18 12:00 2:00
25234 7 99 6 18 14:00 1:00
3906 7 99 6 18 15:00 0:30
3673 7 99 6 18 15:30 0:30
4302 7 99 6 18 16:00 0:30
6091 7 99 6 18 16:30 0:30
1050 7 99 6 18 17:00 0:30
1437 7 99 6 18 17:30 0:30
2166 7 99 6 18 18:00 0:30
7857 7 99 6 18 18:30 0:30
9942 7 99 6 18 19:00 0:30
7050 7 99 6 18 19:30 1:00
95437215 7 99 6 18 20:30 3:00
1673 7 99 6 18 11:30 0:30
8650068 7 99 6 19 0:00 2:10
7682906 7 99 6 19 2:10 2:00
5059613 7 99 6 19 2:10 0:20
38998161 7 99 6 19 2:30 1:40
7199635 7 99 6 19 4:10 1:00
2647890 7 99 6 19 5:10 0:25
2565242 7 99 6 19 5:35 0:25
3621321 9 99 6 18 6:00 1:00
6355168 9 99 6 18 7:00 2:00
186673 9 99 6 18 9:00 0:30
633166 9 99 6 18 9:30 1:00
189760 9 99 6 18 9:30 0:30
197789 9 99 6 18 10:00 0:30
105708 9 99 6 18 10:30 0:30
106437 9 99 6 18 11:00 0:30
176296 9 99 6 18 11:30 0:30
285019 9 99 6 18 12:00 1:00
980627 9 99 6 18 13:00 1:00
685875 9 99 6 18 14:00 1:00
548499 9 99 6 18 15:00 0:30
541586 9 99 6 18 15:30 0:30
542215 9 99 6 18 16:00 0:30
901944 9 99 6 18 16:30 0:30
902673 9 99 6 18 17:00 0:30
905760 9 99 6 18 17:30 0:30
913789 9 99 6 18 18:00 0:30
921708 9 99 6 18 18:30 0:30
831586 9 99 6 18 19:00 0:30
5962050 9 99 6 18 19:25 0:05
728673 9 99 6 18 19:30 1:00
69463760 9 99 6 18 20:30 2:40
829741 9 99 6 18 20:30 0:30
350296 9 99 6 18 21:00 1:00
2646012 9 99 6 18 22:00 1:10
2572050 9 99 6 18 23:10 0:30
8421963 9 99 6 18 23:40 2:05
8147726 9 99 6 19 1:45 1:00
2670432 9 99 6 19 2:45 1:00
5039797 9 99 6 19 3:45 1:00
6082703 9 99 6 19 4:45 0:05
95783726 9 99 6 19 5:00 4:00
720031 10 99 6 18 6:00 0:30
738050 10 99 6 18 6:30 0:30
5713296 10 99 6 18 7:00 1:30
183586 10 99 6 18 8:30 0:30
5222895 10 99 6 18 9:00 2:30
107166 10 99 6 18 11:30 0:30
580401 10 99 6 18 12:00 1:00
559505 10 99 6 18 13:00 0:30
330168 10 99 6 18 13:30 1:00
363836 10 99 6 18 14:30 1:00
549128 10 99 6 18 15:30 0:30
540857 10 99 6 18 16:00 0:30
909586 10 99 6 18 16:30 0:30
456079 10 99 6 18 17:00 1:00
904031 10 99 6 18 18:00 0:30
912050 10 99 6 18 18:30 0:30
839128 10 99 6 18 19:00 0:30
726215 10 99 6 18 19:30 1:00
69461302 10 99 6 18 20:30 2:40
2570692 10 99 6 18 23:10 0:30
7231128 10 99 6 18 23:40 0:30
165906 10 99 6 19 0:10 0:30
9543277 10 99 6 19 0:40 0:30
7037345 10 99 6 19 1:10 0:50
8330180 10 99 6 19 2:00 1:00
8245068 10 99 6 19 3:00 1:00
8327616 10 99 6 19 4:00 1:00
1451432 10 99 6 19 5:00 0:30
1461819 10 99 6 19 5:30 0:30
1852128 28 99 6 18 6:00 0:20
80646505 28 99 6 18 6:20 0:35
18378079 28 99 6 18 6:55 0:35
4120470 28 99 6 18 7:30 0:30
1995505 28 99 6 18 8:00 1:00
2375031 28 99 6 18 9:00 0:30
7109050 28 99 6 18 9:30 0:45
19321944 28 99 6 18 10:15 0:45
2395895 28 99 6 18 11:00 0:30
2365654 28 99 6 18 11:30 0:30
2366383 28 99 6 18 12:00 0:30
2889437 28 99 6 18 12:30 0:55
2587760 28 99 6 18 13:25 0:55
2819673 28 99 6 18 14:20 0:40
2031499 28 99 6 18 15:00 0:30
2034586 28 99 6 18 15:30 0:30
5399895 28 99 6 18 16:00 1:00
5375215 28 99 6 18 17:00 1:00
6405789 28 99 6 18 18:00 0:30
6413708 28 99 6 18 18:30 0:30
2557215 28 99 6 18 19:00 0:30
2556586 28 99 6 18 19:30 0:30
2553499 28 99 6 18 20:00 0:30
9310296 28 99 6 18 20:30 1:00
2569050 28 99 6 18 21:30 0:30
9815050 28 99 6 18 22:00 1:50
29885925 28 99 6 18 23:50 0:15
85023635 28 99 6 19 0:05 1:35
1801074 28 99 6 19 5:00 0:30
1804161 28 99 6 19 5:30 0:30
81086277 2 99 6 19 6:00 3:00
57466203 2 99 6 19 9:00 3:00
8258 2 99 6 19 12:00 0:30
3987 2 99 6 19 12:30 0:30
64726 2 99 6 19 13:00 1:00
74279451 2 99 6 19 14:00 3:00
65906 2 99 6 19 17:00 1:00
6242 2 99 6 19 18:00 0:30
7161 2 99 6 19 18:30 0:30
426 2 99 6 19 19:00 0:30
85971 2 99 6 19 19:30 0:55
8873109 2 99 6 19 20:25 0:05
44616 2 99 6 19 20:30 0:50
3375277 2 99 6 19 21:20 0:10
87345 2 99 6 19 21:30 0:55
6893074 2 99 6 19 22:25 0:55
2799068 2 99 6 19 23:20 0:30
3444567 2 99 6 19 23:50 1:40
60645407 2 99 6 20 1:30 2:15
17746730 2 99 6 20 3:45 3:15
1451 7 99 6 19 6:00 0:30
3242 7 99 6 19 6:30 0:30
5937451 7 99 6 19 7:00 2:00
6797 7 99 6 19 9:00 0:30
9884 7 99 6 19 9:30 0:30
5123 7 99 6 19 10:00 0:30
1432 7 99 6 19 10:30 0:30
2161 7 99 6 19 11:00 0:30
2548 7 99 6 19 11:30 0:30
68529 7 99 6 19 12:00 1:00
4987 7 99 6 19 13:00 0:30
176567 7 99 6 19 13:30 2:00
7838 7 99 6 19 15:30 0:30
8567 7 99 6 19 16:00 0:30
1068 7 99 6 19 16:30 0:30
28987 7 99 6 19 17:00 1:00
6513 7 99 6 19 18:00 0:30
23432 7 99 6 19 18:30 1:00
98647285 7 99 6 19 19:30 2:45
444529 7 99 6 19 22:15 1:15
892513 7 99 6 19 23:30 2:00
4263778 7 99 6 20 1:30 0:30
2412846 7 99 6 20 2:00 1:00
4264407 7 99 6 20 2:00 0:30
38892933 7 99 6 20 2:30 0:30
4132372 7 99 6 20 3:00 1:50
2227594 7 99 6 20 4:50 1:10
95783726 9 99 6 19 6:00 3:00
733161 9 99 6 19 9:00 0:30
743548 9 99 6 19 9:30 0:30
187513 9 99 6 19 10:00 1:00
627161 9 99 6 19 11:00 1:00
638277 9 99 6 19 12:00 1:00
835109 9 99 6 19 12:00 2:00
541797 9 99 6 19 13:00 1:00
280635 9 99 6 19 14:00 2:00
984123 9 99 6 19 16:00 0:30
558432 9 99 6 19 16:30 0:30
104285 9 99 6 19 17:00 1:00
1619109 9 99 6 19 17:55 0:05
560277 9 99 6 19 18:00 0:30
649364 9 99 6 19 18:30 2:00
69431161 9 99 6 19 20:30 2:55
6059529 9 99 6 19 23:25 0:05
917161 9 99 6 19 23:30 1:00
1121136 9 99 6 20 0:30 1:05
3528865 9 99 6 20 1:35 1:30
8184372 9 99 6 20 3:05 0:55
26642285 9 99 6 20 4:00 5:00
377529 10 99 6 19 6:00 0:30
385548 10 99 6 19 6:30 0:30
386277 10 99 6 19 7:00 0:30
389364 10 99 6 19 7:30 0:30
380093 10 99 6 19 8:00 0:30
730074 10 99 6 19 8:30 0:30
5299567 10 99 6 19 9:00 2:30
658426 10 99 6 19 11:30 0:30
826451 10 99 6 19 12:00 2:00
543155 10 99 6 19 14:00 1:00
903513 10 99 6 19 15:00 1:00
209659 10 99 6 19 16:00 1:00
557703 10 99 6 19 17:00 0:30
550890 10 99 6 19 17:30 0:30
568819 10 99 6 19 18:00 0:30
954762 10 99 6 19 18:30 1:00
293513 10 99 6 19 19:30 1:00
5771093 10 99 6 19 20:30 2:15
1276068 10 99 6 19 22:45 1:00
7127971 10 99 6 19 23:45 0:30
631575 10 99 6 20 0:15 0:30
1034223 10 99 6 20 0:45 1:15
3576827 10 99 6 20 2:00 2:00
1608204 10 99 6 20 4:00 0:30
1354575 10 99 6 20 4:30 0:30
8225204 10 99 6 20 5:00 1:00
1749600 28 99 6 19 6:00 0:20
80613277 28 99 6 19 6:20 0:35
18338451 28 99 6 19 6:55 0:35
4024242 28 99 6 19 7:30 0:30
1962277 28 99 6 19 8:00 1:00
2342703 28 99 6 19 9:00 0:30
7176722 28 99 6 19 9:30 0:45
19398616 28 99 6 19 10:15 0:45
2362567 28 99 6 19 11:00 0:30
2269426 28 99 6 19 11:30 0:30
2260155 28 99 6 19 12:00 0:30
5283123 28 99 6 19 12:30 1:45
3917109 28 99 6 19 14:15 0:35
29703797 28 99 6 19 14:50 0:10
2928971 28 99 6 19 15:00 0:30
5356180 28 99 6 19 15:30 1:00
5261068 28 99 6 19 16:30 1:00
5343616 28 99 6 19 17:30 1:00
6473180 28 99 6 19 18:30 0:30
2524987 28 99 6 19 19:00 0:30
4114819 28 99 6 19 19:30 1:00
2449242 28 99 6 19 20:30 0:30
2537451 28 99 6 19 21:00 0:30
8614906 28 99 6 19 21:30 1:30
9399703 28 99 6 19 23:00 1:00
8292556 28 99 6 20 0:00 1:45
7836469 28 99 6 20 5:00 1:00
78204 2 99 6 20 7:00 0:25
84133001 2 99 6 20 7:25 0:05
3437204 2 99 6 20 7:30 0:15
2721223 2 99 6 20 7:45 0:10
7775933 2 99 6 20 7:55 0:05
31759 2 99 6 20 8:00 0:25
7763198 2 99 6 20 8:25 0:05
2662 2 99 6 20 8:30 0:30
3391 2 99 6 20 9:00 0:30
23594 2 99 6 20 9:30 1:00
9198 2 99 6 20 10:30 0:30
5317 2 99 6 20 11:00 0:30
3914 2 99 6 20 11:30 0:30
64827 2 99 6 20 12:00 1:00
4553049 2 99 6 20 13:00 1:05
827594 2 99 6 20 14:05 0:55
53391 2 99 6 20 15:00 0:10
369136 2 99 6 20 15:10 0:35
6190049 2 99 6 20 15:45 2:15
73339 2 99 6 20 18:00 0:50
3011310 2 99 6 20 18:50 0:10
371 2 99 6 20 19:00 0:30
48020 2 99 6 20 19:30 0:55
8760681 2 99 6 20 20:25 0:05
10285 2 99 6 20 20:30 0:50
3078594 2 99 6 20 21:20 0:55
8555020 2 99 6 20 22:15 0:45
57625317 2 99 6 20 23:00 3:00
6304082 2 99 6 21 2:00 1:00
9244063 2 99 6 21 3:00 0:15
5192222 2 99 6 21 3:15 0:15
3938773 2 99 6 21 3:30 0:30
6391518 2 99 6 21 4:00 1:00
6547063 2 99 6 21 5:00 0:30
6540150 2 99 6 21 5:30 0:30
3440 7 99 6 20 6:00 0:30
8759 7 99 6 20 6:30 0:30
9488 7 99 6 20 7:00 0:30
2575 7 99 6 20 7:30 0:30
83488 7 99 6 20 8:00 1:00
5828759 7 99 6 20 9:00 2:00
56310 7 99 6 20 11:00 1:00
648310 7 99 6 20 12:00 2:00
59771681 7 99 6 20 14:00 3:00
73466 7 99 6 20 17:00 1:00
6198 7 99 6 20 18:00 0:30
4117 7 99 6 20 18:30 0:30
7152 7 99 6 20 19:00 0:30
9643 7 99 6 20 19:30 0:30
6556 7 99 6 20 20:00 0:30
95308759 7 99 6 20 20:30 2:50
4039049 7 99 6 20 23:20 2:30
6775247 7 99 6 21 1:50 1:00
4231179 7 99 6 21 2:00 0:30
38869605 7 99 6 21 2:30 0:20
7358228 7 99 6 21 2:50 1:00
7684605 7 99 6 21 3:50 1:20
2518334 7 99 6 21 5:10 0:25
2509686 7 99 6 21 5:35 0:25
26642285 9 99 6 20 4:00 5:00
3309448 9 99 6 20 9:00 2:00
2398469 9 99 6 20 11:00 1:15
1725488 9 99 6 20 12:15 1:00
4995681 9 99 6 20 13:15 1:45
750448 9 99 6 20 15:00 2:00
565933 9 99 6 20 17:00 1:00
203515 9 99 6 20 18:00 0:30
577778 9 99 6 20 18:30 1:00
5833594 9 99 6 20 19:25 0:05
43747865 9 99 6 20 19:30 3:45
6962049 9 99 6 20 23:15 0:05
2449778 9 99 6 20 23:20 0:30
59839575 9 99 6 20 23:50 4:10
71047112 9 99 6 21 4:00 6:00
851117 10 99 6 20 6:00 0:30
869136 10 99 6 20 6:30 0:30
5677440 10 99 6 20 7:00 1:30
860865 10 99 6 20 7:00 0:30
863952 10 99 6 20 7:30 0:30
864681 10 99 6 20 8:00 0:30
5183952 10 99 6 20 8:30 2:30
219117 10 99 6 20 11:00 0:30
212204 10 99 6 20 11:30 0:30
213933 10 99 6 20 12:00 0:30
689952 10 99 6 20 12:30 0:30
680681 10 99 6 20 13:00 0:30
650440 10 99 6 20 13:30 0:30
116681 10 99 6 20 14:00 1:00
583339 10 99 6 20 15:00 1:00
554827 10 99 6 20 16:00 1:00
108961 10 99 6 20 17:00 0:30
453038 10 99 6 20 17:30 0:30
478987 10 99 6 20 18:00 0:30
453858 10 99 6 20 18:30 0:30
960204 10 99 6 20 19:00 0:30
840001 10 99 6 20 19:30 1:00
5651285 10 99 6 20 20:30 2:25
2427556 10 99 6 20 22:55 0:30
7106488 10 99 6 20 23:25 0:30
8651488 10 99 6 20 23:55 2:00
29806518 10 99 6 21 1:55 0:05
8201624 10 99 6 21 2:00 1:00
8272112 10 99 6 21 3:00 1:00
1675976 10 99 6 21 4:00 0:30
1321247 10 99 6 21 4:30 0:30
1322976 10 99 6 21 5:00 0:30
1325063 10 99 6 21 5:30 0:30
4012407 28 99 6 20 6:00 0:30
4097198 28 99 6 20 6:30 0:30
4098827 28 99 6 20 7:00 0:30
4091914 28 99 6 20 7:30 0:30
4092643 28 99 6 20 8:00 0:30
63143643 28 99 6 20 8:30 0:25
32190001 28 99 6 20 8:55 0:35
2249662 28 99 6 20 9:30 0:30
2240391 28 99 6 20 10:00 0:30
1847914 28 99 6 20 10:30 1:00
4787223 28 99 6 20 11:30 1:00
4186681 28 99 6 20 12:30 2:00
4778575 28 99 6 20 14:30 1:00
5250952 28 99 6 20 15:30 1:00
5221440 28 99 6 20 16:30 1:00
6368204 28 99 6 20 17:30 0:30
6369933 28 99 6 20 18:00 0:30
6377952 28 99 6 20 18:30 0:30
2428759 28 99 6 20 19:00 0:30
2410730 28 99 6 20 19:30 0:30
2417643 28 99 6 20 20:00 0:30
3916681 28 99 6 20 20:30 1:05
53843952 28 99 6 20 21:35 0:50
18747812 28 99 6 20 22:25 1:35
2528841 28 99 6 21 0:00 0:55
1772518 28 99 6 21 5:00 0:30
1775605 28 99 6 21 5:30 0:30
6082 2 99 6 21 6:00 0:30
1773 2 99 6 21 6:30 0:30
2402 2 99 6 21 7:00 0:30
3664841 2 99 6 21 7:35 0:25
33711 2 99 6 21 8:00 0:10
8787179 2 99 6 21 8:10 0:15
7723570 2 99 6 21 8:25 0:05
3982266 2 99 6 21 8:30 0:55
7227976 2 99 6 21 9:25 0:05
6063 2 99 6 21 9:30 0:30
29570 2 99 6 21 10:00 0:15
4575773 2 99 6 21 10:15 0:05
1915570 2 99 6 21 10:20 0:20
8454082 2 99 6 21 10:40 0:20
23150 2 99 6 21 11:00 1:00
4228 2 99 6 21 12:00 0:30
7599 2 99 6 21 12:30 0:30
10686 2 99 6 21 13:00 1:00
14402 2 99 6 21 14:00 1:00
1792 2 99 6 21 15:00 0:30
1179 2 99 6 21 15:30 0:30
55315 2 99 6 21 16:00 0:25
6642957 2 99 6 21 16:25 0:05
57470 2 99 6 21 16:30 0:25
3609063 2 99 6 21 16:55 0:05
53334 2 99 6 21 17:00 0:25
3697228 2 99 6 21 17:25 0:05
43957 2 99 6 21 17:30 0:25
7963315 2 99 6 21 17:55 0:05
3792 2 99 6 21 18:00 0:30
1711 2 99 6 21 18:30 0:30
976 2 99 6 21 19:00 0:30
247 2 99 6 21 19:30 0:30
860 2 99 6 21 20:00 0:30
65315 2 99 6 21 20:30 0:45
3788044 2 99 6 21 21:15 0:15
76565 2 99 6 21 21:30 0:55
7482501 2 99 6 21 22:25 0:05
98266 2 99 6 21 22:30 0:55
7121957 2 99 6 21 23:25 1:00
1695919 2 99 6 22 0:25 0:35
3650377 2 99 6 22 1:00 2:00
3902358 2 99 6 22 3:00 0:30
3905445 2 99 6 22 3:30 0:30
3906174 2 99 6 22 4:00 0:30
6513006 2 99 6 22 4:30 0:30
6514735 2 99 6 22 5:00 0:30
6517822 2 99 6 22 5:30 0:30
75063 7 99 6 21 6:00 1:00
2773 7 99 6 21 7:00 0:30
5860 7 99 6 21 7:30 0:30
3889 7 99 6 21 8:00 0:30
2518 7 99 6 21 8:30 0:30
39247 7 99 6 21 9:00 1:00
33063 7 99 6 21 10:00 1:00
7063 7 99 6 21 10:00 0:30
5082 7 99 6 21 10:30 0:30
93421 7 99 6 21 11:00 1:00
286150 7 99 6 21 12:00 2:00
84773 7 99 6 21 14:00 1:00
7421 7 99 6 21 15:00 0:30
7808 7 99 6 21 15:30 0:30
8537 7 99 6 21 16:00 0:30
1228 7 99 6 21 16:30 0:30
2957 7 99 6 21 17:00 0:30
5044 7 99 6 21 17:30 0:30
6773 7 99 6 21 18:00 0:30
4792 7 99 6 21 18:30 0:30
8599 7 99 6 21 19:00 0:30
2537 7 99 6 21 19:30 1:00
10150 7 99 6 21 20:30 1:00
16334 7 99 6 21 21:30 1:00
97006 7 99 6 21 22:30 1:00
24632 7 99 6 21 23:30 0:25
9424709 7 99 6 21 23:55 0:35
4296006 7 99 6 22 0:30 0:30
2910532 7 99 6 22 1:00 2:00
8650007 7 99 6 22 1:00 1:30
38836377 7 99 6 22 2:30 0:30
3555280 7 99 6 22 3:00 0:55
3206803 7 99 6 22 3:55 0:45
5280990 7 99 6 22 4:40 0:25
2586735 7 99 6 22 5:05 0:25
6324984 7 99 6 22 5:30 0:30
398889 9 99 6 21 10:00 1:00
859315 9 99 6 21 10:00 0:30
867334 9 99 6 21 10:30 0:30
868063 9 99 6 21 11:00 0:30
861150 9 99 6 21 11:30 0:30
743315 9 99 6 21 12:00 1:00
752063 9 99 6 21 13:00 1:00
763179 9 99 6 21 14:00 1:00
226063 9 99 6 21 15:00 0:30
229150 9 99 6 21 15:30 0:30
237179 9 99 6 21 16:00 0:30
696808 9 99 6 21 16:30 0:30
697537 9 99 6 21 17:00 0:30
690624 9 99 6 21 17:30 0:30
691353 9 99 6 21 18:00 0:30
676044 9 99 6 21 18:30 0:30
519150 9 99 6 21 19:00 0:30
5800266 9 99 6 21 19:25 0:05
518421 9 99 6 21 19:30 0:30
515334 9 99 6 21 20:00 0:30
514605 9 99 6 21 20:30 0:30
506686 9 99 6 21 21:00 0:30
427173 9 99 6 21 21:30 1:00
500082 9 99 6 21 22:30 0:10
30805063 9 99 6 21 22:40 5:20
8250990 9 99 6 22 4:00 1:00
8261006 9 99 6 22 5:00 1:00
499957 10 99 6 21 6:00 0:30
407976 10 99 6 21 6:30 0:30
5644112 10 99 6 21 7:00 1:30
845112 10 99 6 21 8:30 0:30
5153711 10 99 6 21 9:00 2:30
869792 10 99 6 21 11:30 0:30
741957 10 99 6 21 12:00 1:00
204841 10 99 6 21 13:00 0:30
751334 10 99 6 21 13:30 1:00
755150 10 99 6 21 14:30 1:00
227792 10 99 6 21 15:30 0:30
228421 10 99 6 21 16:00 0:30
687150 10 99 6 21 16:30 0:30
101315 10 99 6 21 17:00 1:00
699995 10 99 6 21 18:00 0:30
674686 10 99 6 21 18:30 0:30
517792 10 99 6 21 19:00 0:30
488841 10 99 6 21 19:30 1:00
627191 10 99 6 21 20:30 1:00
227155 10 99 6 21 21:30 1:00
525711 10 99 6 21 22:30 0:30
679131 10 99 6 21 23:00 0:30
678402 10 99 6 21 23:30 0:30
302629 10 99 6 22 0:00 2:00
8278396 10 99 6 22 2:00 1:00
8176984 10 99 6 22 3:00 1:00
1642648 10 99 6 22 4:00 0:30
1398919 10 99 6 22 4:30 0:30
1399648 10 99 6 22 5:00 0:30
1392735 10 99 6 22 5:30 0:30
1783044 28 99 6 21 6:00 0:20
80577421 28 99 6 21 6:20 0:35
18209995 28 99 6 21 6:55 0:35
4068686 28 99 6 21 7:30 0:30
1826421 28 99 6 21 8:00 1:00
2213247 28 99 6 21 9:00 0:30
7047266 28 99 6 21 9:30 0:45
19252860 28 99 6 21 10:15 0:45
2226711 28 99 6 21 11:00 0:30
2296570 28 99 6 21 11:30 0:30
2204599 28 99 6 21 12:00 0:30
4461518 28 99 6 21 12:30 1:05
7618402 28 99 6 21 13:35 1:00
9152841 28 99 6 21 14:35 0:25
2962315 28 99 6 21 15:00 0:30
2965402 28 99 6 21 15:30 0:30
2966131 28 99 6 21 16:00 0:30
6324860 28 99 6 21 16:30 0:30
1702179 28 99 6 21 17:00 0:50
63469353 28 99 6 21 17:50 0:10
6336605 28 99 6 21 18:00 0:30
6344624 28 99 6 21 18:30 0:30
2488131 28 99 6 21 19:00 0:30
4078063 28 99 6 21 19:30 1:00
9241112 28 99 6 21 20:30 1:00
2407266 28 99 6 21 21:30 0:30
9742150 28 99 6 21 22:00 1:40
36035131 28 99 6 21 23:40 1:55
1732990 28 99 6 22 5:00 0:30
1742377 28 99 6 22 5:30 0:30
9919 2 99 6 22 6:00 0:30
7938 2 99 6 22 6:30 0:30
8667 2 99 6 22 7:00 0:30
3568613 2 99 6 22 7:35 0:25
63532 2 99 6 22 8:00 0:10
8747551 2 99 6 22 8:10 0:15
7627342 2 99 6 22 8:25 0:05
3959938 2 99 6 22 8:30 0:55
7294648 2 99 6 22 9:25 0:05
3938 2 99 6 22 9:30 0:30
82629 2 99 6 22 10:00 0:15
7858416 2 99 6 22 10:15 0:15
7801919 2 99 6 22 10:30 0:15
4418667 2 99 6 22 10:45 0:15
7777 2 99 6 22 11:00 0:30
3174 2 99 6 22 11:30 0:30
4803 2 99 6 22 12:00 0:30
2602 2 99 6 22 12:30 0:30
19358 2 99 6 22 13:00 0:45
2507716 2 99 6 22 13:45 0:15
60261 2 99 6 22 14:00 1:00
8087 2 99 6 22 15:00 0:30
1174 2 99 6 22 15:30 0:30
18464 2 99 6 22 16:00 0:25
6619629 2 99 6 22 16:25 0:05
71919 2 99 6 22 16:30 0:25
3676735 2 99 6 22 16:55 0:05
90445 2 99 6 22 17:00 0:25
3584700 2 99 6 22 17:25 0:05
13396 2 99 6 22 17:30 0:25
7930087 2 99 6 22 17:55 0:05
3957 2 99 6 22 18:00 0:30
5358 2 99 6 22 18:30 0:30
551 2 99 6 22 19:00 0:30
822 2 99 6 22 19:30 0:30
735 2 99 6 22 20:00 0:30
87990 2 99 6 22 20:30 1:00
26280 2 99 6 22 21:30 0:55
1787713 2 99 6 22 22:25 0:05
31551 2 99 6 22 22:30 0:35
6740938 2 99 6 23:05 0:55
52830 2 99 6 23 0:00 1:00
3819694 2 99 6 23 1:00 0:30
2555149 2 99 6 23 1:30 1:00
3898101 2 99 6 23 2:30 0:30
3899830 2 99 6 23 3:00 0:30
3809217 2 99 6 23 3:30 0:30
3800946 2 99 6 23 4:00 0:30
6417878 2 99 6 23 4:30 0:30
6418507 2 99 6 23 5:00 0:30
6411694 2 99 6 23 5:30 0:30
21822 7 99 6 22 6:00 1:00
2358 7 99 6 22 7:00 0:30
5445 7 99 6 22 7:30 0:30
6174 7 99 6 22 8:00 0:30
2193 7 99 6 22 8:30 0:30
78716 7 99 6 22 9:00 1:00
72532 7 99 6 22 10:00 1:00
4938 7 99 6 22 10:00 0:30
9629 7 99 6 22 10:30 0:30
49280 7 99 6 22 11:00 1:00
840938 7 99 6 22 12:00 2:00
30532 7 99 6 22 14:00 1:00
8358 7 99 6 22 15:00 0:30
1445 7 99 6 22 15:30 0:30
2174 7 99 6 22 16:00 0:30
8193 7 99 6 22 16:30 0:30
9822 7 99 6 22 17:00 0:30
9209 7 99 6 22 17:30 0:30
4498 7 99 6 22 18:00 0:30
5629 7 99 6 22 18:30 0:30
8174 7 99 6 22 19:00 0:30
7445 7 99 6 22 19:30 0:30
4358 7 99 6 22 20:00 0:30
7682006 7 99 6 22 20:25 0:05
77071 7 99 6 22 20:30 1:00
79483 7 99 6 22 21:30 1:00
60735 7 99 6 22 22:30 1:00
56551 7 99 6 22 23:30 0:25
2552735 7 99 6 22 23:55 1:05
2814304 7 99 6 23 1:00 2:00
8577743 7 99 6 23 1:00 1:30
38730149 7 99 6 23 2:30 0:30
3459052 7 99 6 23 3:00 0:55
3100675 7 99 6 23 3:55 0:45
5184762 7 99 6 23 4:40 0:25
2480507 7 99 6 23 5:05 0:25
6391656 7 99 6 23 5:30 0:30
594667 9 99 6 22 6:00 1:00
1004416 9 99 6 22 7:00 2:00
428025 9 99 6 22 9:00 0:30
935990 9 99 6 22 9:30 1:00
325984 9 99 6 22 9:30 0:30
326613 9 99 6 22 10:00 0:30
407532 9 99 6 22 10:30 0:30
408261 9 99 6 22 11:00 0:30
418648 9 99 6 22 11:30 0:30
210613 9 99 6 22 12:00 1:00
392261 9 99 6 22 13:00 1:00
303377 9 99 6 22 14:00 1:00
873551 9 99 6 22 15:00 0:30
770025 9 99 6 22 15:00 1:00
883938 9 99 6 22 15:30 0:30
884667 9 99 6 22 16:00 0:30
243396 9 99 6 22 16:30 0:30
244025 9 99 6 22 17:00 0:30
141984 9 99 6 22 17:30 0:30
142613 9 99 6 22 18:00 0:30
223532 9 99 6 22 18:30 0:30
173938 9 99 6 22 19:00 0:30
5877938 9 99 6 22 19:25 0:05
172209 9 99 6 22 19:30 0:30
162822 9 99 6 22 20:00 0:30
693377 9 99 6 22 20:30 1:00
682261 9 99 6 22 21:30 1:00
572782 9 99 6 22 22:30 0:10
30872735 9 99 6 22 22:40 5:20
8154762 9 99 6 23 4:00 1:00
8165878 9 99 6 23 5:00 1:00
441993 10 99 6 22 6:00 0:30
891254 10 99 6 22 6:30 0:30
5548984 10 99 6 22 7:00 1:30
425938 10 99 6 22 8:30 0:30
5120483 10 99 6 22 9:00 2:30
409990 10 99 6 22 11:30 0:30
314483 10 99 6 22 12:00 1:00
868629 10 99 6 22 13:00 0:30
391532 10 99 6 22 13:30 1:00
302648 10 99 6 22 14:30 1:00
874280 10 99 6 22 15:30 0:30
882209 10 99 6 22 16:00 0:30
241938 10 99 6 22 16:30 0:30
758803 10 99 6 22 17:00 1:00
246483 10 99 6 22 18:00 0:30
221174 10 99 6 22 18:30 0:30
164280 10 99 6 22 19:00 0:30
232547 10 99 6 22 19:30 1:00
691919 10 99 6 22 20:30 1:00
680803 10 99 6 22 21:30 1:00
726241 10 99 6 22 22:30 0:30
233919 10 99 6 22 23:00 0:30
225990 10 99 6 22 23:30 0:30
127976 10 99 6 23 0:00 2:00
8172168 10 99 6 23 2:00 1:00
8143656 10 99 6 23 3:00 1:00
1539120 10 99 6 23 4:00 0:30
1285491 10 99 6 23 4:30 0:30
1286120 10 99 6 23 5:00 0:30
1296507 10 99 6 23 5:30 0:30
1750716 28 99 6 22 6:00 0:20
80544193 28 99 6 22 6:20 0:35
18276667 28 99 6 22 6:55 0:35
4035358 28 99 6 22 7:30 0:30
1893193 28 99 6 22 8:00 1:00
2280919 28 99 6 22 9:00 0:30
7014938 28 99 6 22 9:30 0:45
19229532 28 99 6 22 10:15 0:45
2293483 28 99 6 22 11:00 0:30
2190342 28 99 6 22 11:30 0:30
2191071 28 99 6 22 12:00 0:30
7087700 28 99 6 22 12:30 1:40
75189822 28 99 6 22 14:10 0:50
2939087 28 99 6 22 15:00 0:30
2932174 28 99 6 22 15:30 0:30
2933803 28 99 6 22 16:00 0:30
6391532 28 99 6 22 16:30 0:30
5273803 28 99 6 22 17:00 1:00
6303377 28 99 6 22 18:00 0:30
6311396 28 99 6 22 18:30 0:30
2455803 28 99 6 22 19:00 0:30
2454174 28 99 6 22 19:30 0:30
2451087 28 99 6 22 20:00 0:30
9145984 28 99 6 22 20:30 1:00
2474938 28 99 6 22 21:30 0:30
9729209 28 99 6 22 22:00 1:45
29791532 28 99 6 22 23:45 0:15
5445236 28 99 6 23 0:00 1:05
69756149 28 99 6 23 1:05 1:40
1636762 28 99 6 23 5:00 0:30
1646149 28 99 6 23 5:30 0:30
7304 2 99 6 23 6:00 0:30
5323 2 99 6 23 6:30 0:30
66255 2 99 6 23 7:00 0:15
5974149 2 99 6 23 7:15 0:15
3535385 2 99 6 23 7:35 0:25
46491 2 99 6 23 8:00 0:10
8641323 2 99 6 23 8:10 0:15
7694014 2 99 6 23 8:25 0:05
3846410 2 99 6 23 8:30 0:55
7181120 2 99 6 23 9:25 0:05
7385 2 99 6 23 9:30 0:30
65588 2 99 6 23 10:00 0:15
6107728 2 99 6 23 10:15 0:15
6033 2 99 6 23 10:30 0:30
60033 2 99 6 23 11:00 0:05
8469014 2 99 6 23 11:05 0:25
7149 2 99 6 23 11:30 0:30
8878 2 99 6 23 12:00 0:30
4897 2 99 6 23 12:30 0:30
56694 2 99 6 23 13:00 1:00
50410 2 99 6 23 14:00 1:00
5762 2 99 6 23 15:00 0:30
5149 2 99 6 23 15:30 0:30
84033 2 99 6 23 16:00 0:25
6506101 2 99 6 23 16:25 0:05
54878 2 99 6 23 16:30 0:25
3570507 2 99 6 23 16:55 0:05
73304 2 99 6 23 17:00 0:25
3551472 2 99 6 23 17:25 0:05
96255 2 99 6 23 17:30 0:25
7834859 2 99 6 23 17:55 0:05
6694 2 99 6 23 18:00 0:30
1385 2 99 6 23 18:30 0:30
526 2 99 6 23 19:00 0:30
897 2 99 6 23 19:30 0:30
410 2 99 6 23 20:00 0:30
95156 2 99 6 23 20:30 0:40
110410 2 99 6 23 21:10 0:30
620236 2 99 6 23 21:40 0:20
946 2 99 6 23 22:00 0:30
23323 2 99 6 23 22:30 0:05
8624897 2 99 6 23 22:35 0:35
9820697 2 99 6 23 23:10 0:55
6792163 2 99 6 24 0:05 1:10
9962827 2 99 6 24 1:15 1:00
4682989 2 99 6 24 2:15 0:45
3866502 2 99 6 24 3:00 0:30
3876989 2 99 6 24 3:30 0:30
3877618 2 99 6 24 4:00 0:30
6477250 2 99 6 24 4:30 0:30
6485279 2 99 6 24 5:00 0:30
6488366 2 99 6 24 5:30 0:30
16651 7 99 6 23 6:00 1:00
9033 7 99 6 23 7:00 0:30
2120 7 99 6 23 7:30 0:30
4209 7 99 6 23 8:00 0:30
6168 7 99 6 23 8:30 0:30
68965 7 99 6 23 9:00 1:00
62781 7 99 6 23 10:00 1:00
8385 7 99 6 23 10:00 0:30
6304 7 99 6 23 10:30 0:30
52471 7 99 6 23 11:00 1:00
324526 7 99 6 23 12:00 2:00
20781 7 99 6 23 14:00 1:00
5033 7 99 6 23 15:00 0:30
8120 7 99 6 23 15:30 0:30
6149 7 99 6 23 16:00 0:30
5878 7 99 6 23 16:30 0:30
6507 7 99 6 23 17:00 0:30
9694 7 99 6 23 17:30 0:30
4633 7 99 6 23 18:00 0:30
5014 7 99 6 23 18:30 0:30
2149 7 99 6 23 19:00 0:30
9897 7 99 6 23 19:30 1:00
30120 7 99 6 23 20:30 1:00
36304 7 99 6 23 21:30 1:00
27656 7 99 6 23 22:30 1:00
9830 7 99 6 23 23:30 0:30
22569 7 99 6 24 0:00 0:35
8913163 7 99 6 24 0:35 2:00
1016873 7 99 6 24 0:35 0:25
8544415 7 99 6 24 1:00 1:30
38790521 7 99 6 24 2:30 0:05
1912076 7 99 6 24 2:35 0:55
3406960 7 99 6 24 3:30 0:50
5759231 7 99 6 24 4:20 0:25
5150705 7 99 6 24 4:45 0:25
2449250 7 99 6 24 5:10 0:25
2430502 7 99 6 24 5:35 0:25
942007 9 99 6 23 6:00 1:00
3050588 9 99 6 23 7:00 2:00
993965 9 99 6 23 9:00 0:30
433168 9 99 6 23 9:30 1:00
996052 9 99 6 23 9:30 0:30
997781 9 99 6 23 10:00 0:30
972472 9 99 6 23 10:30 0:30
973101 9 99 6 23 11:00 0:30
983588 9 99 6 23 11:30 0:30
874491 9 99 6 23 12:00 1:00
890439 9 99 6 23 13:00 1:00
894255 9 99 6 23 14:00 1:00
331101 9 99 6 23 15:00 0:30
245965 9 99 6 23 15:00 1:00
341588 9 99 6 23 15:30 0:30
342217 9 99 6 23 16:00 0:30
701946 9 99 6 23 16:30 0:30
702675 9 99 6 23 17:00 0:30
705762 9 99 6 23 17:30 0:30
706491 9 99 6 23 18:00 0:30
714410 9 99 6 23 18:30 0:30
631588 9 99 6 23 19:00 0:30
5764410 9 99 6 23 19:25 0:05
535965 9 99 6 23 19:30 1:00
4805897 9 99 6 23 19:30 2:30
261588 9 99 6 23 20:30 1:55
640236 9 99 6 23 22:00 0:30
539507 9 99 6 23 22:25 0:35
649507 9 99 6 23 22:30 0:30 
33941762 9 99 6 23 23:00 5:00
8121434 9 99 6 24 4:00 1:00
8125250 9 99 6 24 5:00 1:00
537323 10 99 6 23 6:00 0:30
512014 10 99 6 23 6:30 0:30
5515656 10 99 6 23 7:00 1:30
990878 10 99 6 23 8:30 0:30
5024255 10 99 6 23 9:00 2:30
974830 10 99 6 23 11:30 0:30
872033 10 99 6 23 12:00 1:00
359507 10 99 6 23 13:00 0:30
882410 10 99 6 23 13:30 1:00
893526 10 99 6 23 14:30 1:00
332830 10 99 6 23 15:30 0:30
340859 10 99 6 23 16:00 0:30
709588 10 99 6 23 16:30 0:30
223743 10 99 6 23 17:00 1:00
704033 10 99 6 23 18:00 0:30
712052 10 99 6 23 18:30 0:30
622830 10 99 6 23 19:00 0:30
621101 10 99 6 23 19:30 0:30
628014 10 99 6 23 20:00 0:30
166859 10 99 6 23 20:30 1:00
2257912 10 99 6 23 21:30 1:15
2369588 10 99 6 23 22:45 0:30
2379965 10 99 6 23 23:15 0:30
7032859 10 99 6 23 23:45 0:30
8543540 10 99 6 24 0:15 1:00
1595647 10 99 6 24 1:15 1:00
5445618 10 99 6 24 2:15 1:00
6952328 10 99 6 24 3:15 0:30
9319076 10 99 6 24 3:45 0:15
1506892 10 99 6 24 4:00 0:30
1252163 10 99 6 24 4:30 0:30
1253892 10 99 6 24 5:00 0:30
1263279 10 99 6 24 5:30 0:30
1654588 28 99 6 23 6:00 0:20
80448965 28 99 6 23 6:20 0:35
18170439 28 99 6 23 6:55 0:35
4922830 28 99 6 23 7:30 0:30
1797965 28 99 6 23 8:00 1:00
2177491 28 99 6 23 9:00 0:30
7901410 28 99 6 23 9:30 0:45
19123304 28 99 6 23 10:15 0:45
2197255 28 99 6 23 11:00 0:30
2167014 28 99 6 23 11:30 0:30
2168743 28 99 6 23 12:00 0:30
1382912 28 99 6 23 12:30 1:40
75083694 28 99 6 23 14:10 0:50
2833859 28 99 6 23 15:00 0:30
2836946 28 99 6 23 15:30 0:30
2837675 28 99 6 23 16:00 0:30
6295304 28 99 6 23 16:30 0:30
5177675 28 99 6 23 17:00 1:00
6207149 28 99 6 23 18:00 0:30
6215168 28 99 6 23 18:30 0:30
2359675 28 99 6 23 19:00 0:30
2358946 28 99 6 23 19:30 0:30
2355859 28 99 6 23 20:00 0:30
9112656 28 99 6 23 20:30 1:00
2361410 28 99 6 23 21:30 0:30
9613694 28 99 6 23 22:00 1:40
8424656 28 99 6 23 23:40 0:50
15119927 28 99 6 24 0:30 1:35
1603434 28 99 6 24 5:00 0:30
1606521 28 99 6 24 5:30 0:30
7989 2 99 6 24 6:00 0:30
5908 2 99 6 24 6:30 0:30
6637 2 99 6 24 7:00 0:30
3502057 2 99 6 24 7:35 0:25
83502 2 99 6 24 8:00 0:10
8618095 2 99 6 24 8:10 0:15
7661786 2 99 6 24 8:25 0:05
3813182 2 99 6 24 8:30 0:55
7158892 2 99 6 24 9:25 0:05
5540 2 99 6 24 9:30 0:30
11347 2 99 6 24 10:00 0:15
4907340 2 99 6 24 10:15 0:15
7765163 2 99 6 24 10:30 0:15
4372811 2 99 6 24 10:45 0:15
9444328 2 99 6 24 11:00 0:40
7033502 2 99 6 24 11:40 0:20
3705 2 99 6 24 12:00 0:30
1144 2 99 6 24 12:30 0:30
12863 2 99 6 24 13:00 1:00
13569 2 99 6 24 14:00 1:00
2637 2 99 6 24 15:00 0:30
5724 2 99 6 24 15:30 0:30
47182 2 99 6 24 16:00 0:25
6573873 2 99 6 24 16:25 0:05
93347 2 99 6 24 16:30 0:25
3547279 2 99 6 24 16:55 0:05
56637 2 99 6 24 17:00 0:25
3528144 2 99 6 24 17:25 0:05
39960 2 99 6 24 17:30 0:25
7894231 2 99 6 24 17:55 0:05
1989 2 99 6 24 18:00 0:30
9908 2 99 6 24 18:30 0:30
873 2 99 6 24 19:00 0:30
144 2 99 6 24 19:30 0:30
647 2 99 6 24 20:00 0:30
328 2 99 6 24 20:30 0:30
637 2 99 6 24 21:00 0:30
29182 2 99 6 24 21:30 1:00
71960 2 99 6 24 22:30 0:05
8691569 2 99 6 24 22:35 0:35
2668144 2 99 6 24 23:10 0:30
7058057 2 99 6 24 23:40 1:00
6601632 2 99 6 25 0:40 0:30
3584670 2 99 6 25 1:10 1:50
3833274 2 99 6 25 3:00 0:30
3836361 2 99 6 25 3:30 0:30
3837090 2 99 6 25 4:00 0:30
2005485 2 99 6 25 4:30 0:15
4999039 2 99 6 25 4:45 0:15
6445651 2 99 6 25 5:00 0:30
6455038 2 99 6 25 5:30 0:30
34502 7 99 6 24 6:00 1:00
6908 7 99 6 24 7:00 0:30
9095 7 99 6 24 7:30 0:30
1304 7 99 6 24 8:00 0:30
3415 7 99 6 24 8:30 0:30
98786 7 99 6 24 9:00 1:00
92502 7 99 6 24 10:00 1:00
8960 7 99 6 24 10:00 0:30
3279 7 99 6 24 10:30 0:30
52960 7 99 6 24 11:00 1:00
2687927 7 99 6 24 12:00 2:05
413279 7 99 6 24 14:05 0:55
2908 7 99 6 24 15:00 0:30
5095 7 99 6 24 15:30 0:30
6724 7 99 6 24 16:00 0:30
9415 7 99 6 24 16:30 0:30
5124 7 99 6 24 17:00 0:30
3231 7 99 6 24 17:30 0:30
4960 7 99 6 24 18:00 0:30
9279 7 99 6 24 18:30 0:30
2724 7 99 6 24 19:00 0:30
1095 7 99 6 24 19:30 0:30
8908 7 99 6 24 20:00 0:30
4293182 7 99 6 24 20:30 2:15
2754637 7 99 6 24 22:45 1:00
2921124 7 99 6 24 23:45 0:30
3010293 7 99 6 25 0:15 1:05
8984651 7 99 6 25 1:20 2:00
4403629 7 99 6 25 1:20 1:10
38767293 7 99 6 25 2:30 0:50
1110361 7 99 6 25 3:20 1:00
5726903 7 99 6 25 4:20 0:25
5127477 7 99 6 25 4:45 0:25
2416922 7 99 6 25 5:10 0:25
2407274 7 99 6 25 5:35 0:25
692415 9 99 6 24 6:00 1:00
8153340 9 99 6 24 7:00 2:00
533163 9 99 6 24 9:00 0:30
316188 9 99 6 24 9:30 1:00
536250 9 99 6 24 9:30 0:30
544279 9 99 6 24 10:00 0:30
552298 9 99 6 24 10:30 0:30
553927 9 99 6 24 11:00 0:30
523786 9 99 6 24 11:30 0:30
445569 9 99 6 24 12:00 1:00
421989 9 99 6 24 13:00 1:00
425705 9 99 6 24 14:00 1:00
911927 9 99 6 24 15:00 0:30
885163 9 99 6 24 15:00 1:00
981786 9 99 6 24 15:30 0:30
982415 9 99 6 24 16:00 0:30
358434 9 99 6 24 16:30 0:30
359163 9 99 6 24 17:00 0:30
352250 9 99 6 24 17:30 0:30
360279 9 99 6 24 18:00 0:30
378298 9 99 6 24 18:30 0:30
271786 9 99 6 24 19:00 0:30
5731182 9 99 6 24 19:25 0:05
175163 9 99 6 24 19:30 1:00
715705 9 99 6 24 20:30 1:00
5302881 9 99 6 24 21:30 1:10
9804298 9 99 6 24 22:40 0:10
22588989 9 99 6 24 22:50 5:10
8198106 9 99 6 25 4:00 1:00
8192922 9 99 6 25 5:00 1:00
177521 10 99 6 24 6:00 0:30
185540 10 99 6 24 6:30 0:30
5582328 10 99 6 24 7:00 1:30
530076 10 99 6 24 8:30 0:30
5091927 10 99 6 24 9:00 2:30
521328 10 99 6 24 11:30 0:30
436811 10 99 6 24 12:00 1:00
999705 10 99 6 24 13:00 0:30
413960 10 99 6 24 13:30 1:00
424076 10 99 6 24 14:30 1:00
989328 10 99 6 24 15:30 0:30
980057 10 99 6 24 16:00 0:30
356076 10 99 6 24 16:30 0:30
803569 10 99 6 24 17:00 1:00
351521 10 99 6 24 18:00 0:30
369540 10 99 6 24 18:30 0:30
279328 10 99 6 24 19:00 0:30
201927 10 99 6 24 19:30 0:30
291540 10 99 6 24 20:00 0:30
603521 10 99 6 24 20:30 1:30
701502 10 99 6 24 22:00 1:00
348057 10 99 6 24 23:00 0:30
347328 10 99 6 24 23:30 0:30
908019 10 99 6 25 0:00 0:30
25580835 10 99 6 25 0:30 2:30
8007800 10 99 6 25 3:00 1:00
1573564 10 99 6 25 4:00 0:30
1229835 10 99 6 25 4:30 0:30
1220564 10 99 6 25 5:00 0:30
1223651 10 99 6 25 5:30 0:30
1614960 28 99 6 24 6:00 0:20
80415637 28 99 6 24 6:20 0:35
18130811 28 99 6 24 6:55 0:35
4999502 28 99 6 24 7:30 0:30
1764637 28 99 6 24 8:00 1:00
2144163 28 99 6 24 9:00 0:30
7978182 28 99 6 24 9:30 0:45
19190076 28 99 6 24 10:15 0:45
2164927 28 99 6 24 11:00 0:30
2134786 28 99 6 24 11:30 0:30
2135415 28 99 6 24 12:00 0:30
4696927 28 99 6 24 12:30 1:00
2659415 28 99 6 24 13:30 0:50
2688705 28 99 6 24 14:20 0:40
2893231 28 99 6 24 15:00 0:30
2803618 28 99 6 24 15:30 0:30
2804347 28 99 6 24 16:00 0:30
6262076 28 99 6 24 16:30 0:30
5144347 28 99 6 24 17:00 1:00
6267521 28 99 6 24 18:00 0:30
6275540 28 99 6 24 18:30 0:30
2326347 28 99 6 24 19:00 0:30
4916279 28 99 6 24 19:30 1:00
9189328 28 99 6 24 20:30 1:00
2338182 28 99 6 24 21:30 0:30
80861095 28 99 6 24 22:00 2:40
64728038 28 99 6 25 0:40 2:05
1670106 28 99 6 25 5:00 0:30
1673293 28 99 6 25 5:30 0:30
